15.0241
15.0292
15.019
15.0241
15.0241
15.0292
15.019
15.0241
15.0241
15.0241
15.0241
15.0292
15.019
15.0292
15.019
15.0241
15.0241
15.0241
15.019
15.0292
15.019
15.0343
15.019
15.019
15.019
15.0241
15.0241
15.0292
15.0241
15.0241
15.0241
15.0241
15.0292
15.0241
15.0292
15.0292
15.0292
15.0292
15.0241
15.0343
15.0241
15.0292
15.0343
15.0343
15.0292
15.0343
15.0292
15.0241
15.0343
15.0292
15.0292
15.0292
15.0343
15.0292
15.0292
15.0292
15.0292
15.0292
15.0292
15.0343
15.0292
15.0292
15.0292
15.0292
15.0343
15.0292
15.0394
15.0292
15.0343
15.0343
15.0343
15.0292
15.0343
15.0343
15.0343
15.0343
15.0343
15.0292
15.0343
15.0292
15.0343
15.0343
15.0343
15.0292
15.0343
15.0343
15.0292
15.0292
15.0292
15.0292
15.0343
15.0343
15.0292
15.0292
15.0292
15.0343
15.0343
15.0343
15.0292
15.0292
15.0292
15.0343
15.0292
15.0292
15.0292
15.0343
15.0292
15.0343
15.0292
15.0343
15.0292
15.0343
15.0343
15.0343
15.0343
15.0394
15.0343
15.0394
15.0292
15.0292
15.0343
15.0343
15.0343
15.0343
15.0394
15.0343
15.0343
15.0292
15.0343
15.0292
15.0343
15.0394
15.0292
15.0343
15.0343
15.0292
15.0343
15.0343
15.0343
15.0343
15.0292
15.0292
15.0292
15.0292
15.0343
15.0292
15.0292
15.0292
15.0292
15.0292
15.0292
15.0292
15.0292
15.0292
15.0343
15.0241
15.0241
15.0241
15.0292
15.0292
15.0343
15.0241
15.0292
15.0241
15.0343
15.0292
15.0292
15.0241
15.0343
15.0292
15.0241
15.0292
15.0343
15.0292
15.0292
15.0292
15.0343
15.019
15.0292
15.0343
15.0292
15.0343
15.0241
15.0343
15.0292
15.0343
15.0292
15.0292
15.0241
15.0292
15.0292
15.0292
15.0292
15.0292
15.0241
15.0292
15.0292
15.0343
15.0241
15.0241
15.0241
15.0343
15.0241
15.0343
15.0241
15.0292
15.0292
15.0292
15.0292
15.0292
15.0241
15.0241
15.0241
15.0292
15.0241
15.0241
15.0241
15.0292
15.0292
15.0292
15.0241
15.0292
15.0292
15.0241
15.0292
15.0241
15.0241
15.0241
15.0241
15.0292
15.0292
15.019
15.0292
15.0241
15.0292
15.0241
15.0241
15.0241
15.0241
15.0241
15.0292
15.019
15.0241
15.0292
15.0292
15.0292
15.0292
15.0292
15.0292
15.0292
15.0343
15.0292
15.0292
15.0292
15.0343
15.0241
15.0343
15.0241
15.0241
15.0241
15.0292
15.0292
15.0241
15.0292
15.0292
15.0241
15.0241
15.0292
15.019
15.0241
15.0241
15.0292
15.0292
15.0292
15.0241
15.0241
15.0241
15.0292
15.0241
15.0241
15.019
15.0343
15.019
15.0292
15.0139
15.0292
15.019
15.0241
15.0241
15.019
15.0241
15.0292
15.019
15.0292
15.019
15.0241
15.0241
15.0241
15.0241
15.0292
15.0241
15.0241
15.0241
15.0241
15.0241
15.0241
15.0241
15.0292
15.019
15.0241
15.0241
15.0292
15.019
15.019
15.0241
15.0241
15.019
15.0241
15.0292
15.0241
15.0292
15.019
15.0343
15.0292
15.0292
15.0292
15.0241
15.0292
15.0241
15.0241
15.0292
15.0241
15.0343
15.019
15.0292
15.0241
15.0292
15.0241
15.0292
15.0241
15.0241
15.0292
15.0241
15.019
15.0241
15.0292
15.0241
15.0241
15.0241
15.0241
15.0241
15.0241
15.0292
15.0241
15.0241
15.0241
15.0241
15.0292
15.0241
15.0241
15.0241
15.0292
15.0241
15.0241
15.0241
15.0241
15.0241
15.0241
15.0241
15.0241
15.019
15.0241
15.019
15.0292
15.0241
15.0292
15.0241
15.0292
15.0241
15.0292
15.019
15.0241
15.019
15.0241
15.0241
15.0241
15.0241
15.0292
15.0241
15.0292
15.0241
15.019
15.0241
15.0241
15.0241
15.0292
15.0241
15.0292
15.0241
15.0241
15.0292
15.0292
15.0292
15.0292
15.0292
15.0292
15.0292
15.0292
15.0292
15.0241
15.0292
15.0292
15.0292
15.0292
15.0292
15.0292
15.0343
15.0241
15.0292
15.0241
15.0292
15.0292
15.0292
15.0241
15.0292
15.0292
15.0343
15.0292
15.0292
15.0343
15.0292
15.0292
15.0343
15.0292
15.0394
15.0343
15.0292
15.0343
15.0292
15.0292
15.0343
15.0343
15.0343
15.0343
15.0343
15.0445
15.0292
15.0343
15.0343
15.0343
15.0394
15.0343
15.0343
15.0394
15.0292
15.0394
15.0343
15.0394
15.0343
15.0445
15.0343
15.0394
15.0394
15.0394
15.0445
15.0445
15.0496
15.0496
15.0445
15.0547
15.0445
15.0547
15.0547
15.0547
15.0547
15.0598
15.0547
15.0649
15.0547
15.0598
15.0598
15.0598
15.0598
15.0598
15.0649
15.07
15.0649
15.0649
15.07
15.07
15.0751
15.0751
15.0751
15.0751
15.0853
15.0802
15.0904
15.0904
15.0904
15.0904
15.0955
15.0955
15.1006
15.1006
15.1057
15.1006
15.1108
15.1057
15.1108
15.1108
15.121
15.1159
15.1261
15.121
15.1261
15.1261
15.1414
15.1363
15.1363
15.1363
15.1363
15.1414
15.1516
15.1516
15.1516
15.1516
15.1567
15.1567
15.1669
15.172
15.1669
15.172
15.172
15.1822
15.172
15.1771
15.1822
15.1873
15.1873
15.1924
15.1924
15.1975
15.1975
15.2026
15.2077
15.1975
15.2128
15.2128
15.2128
15.223
15.2179
15.223
15.223
15.2281
15.2281
15.2332
15.2281
15.2434
15.2332
15.2434
15.2383
15.2383
15.2434
15.2485
15.2434
15.2485
15.2434
15.2485
15.2434
15.2536
15.2485
15.2536
15.2485
15.2536
15.2587
15.2536
15.2587
15.2536
15.2587
15.2587
15.2638
15.2638
15.2638
15.2587
15.2689
15.2638
15.2689
15.2689
15.2689
15.2689
15.2689
15.2638
15.274
15.2689
15.2689
15.274
15.2791
15.2689
15.274
15.2638
15.274
15.2689
15.274
15.2689
15.274
15.274
15.274
15.2689
15.2791
15.2689
15.2689
15.274
15.274
15.2791
15.274
15.274
15.274
15.274
15.274
15.2791
15.2791
15.274
15.274
15.274
15.274
15.274
15.274
15.2791
15.2689
15.274
15.2689
15.274
15.2689
15.274
15.2689
15.2791
15.2689
15.2791
15.274
15.2689
15.274
15.2689
15.2638
15.2689
15.2689
15.274
15.2587
15.274
15.2638
15.2689
15.2689
15.2689
15.2638
15.2638
15.2638
15.2638
15.2638
15.2638
15.2587
15.2587
15.2638
15.2587
15.2587
15.2587
15.2587
15.2536
15.2587
15.2536
15.2536
15.2536
15.2587
15.2536
15.2587
15.2536
15.2536
15.2485
15.2485
15.2485
15.2536
15.2434
15.2536
15.2485
15.2485
15.2485
15.2587
15.2434
15.2485
15.2434
15.2485
15.2332
15.2485
15.2383
15.2434
15.2434
15.2383
15.2383
15.2383
15.2383
15.2434
15.2383
15.2281
15.2383
15.2332
15.2332
15.2383
15.2332
15.2332
15.2332
15.2281
15.2332
15.2281
15.223
15.2332
15.2332
15.2332
15.2332
15.2332
15.2281
15.223
15.2281
15.2281
15.2332
15.2179
15.223
15.2179
15.2281
15.2128
15.2179
15.2179
15.2179
15.2179
15.2179
15.2128
15.223
15.2128
15.2179
15.2077
15.2128
15.2077
15.2077
15.2077
15.2128
15.2026
15.2077
15.2026
15.2077
15.2026
15.2077
15.1975
15.1975
15.1975
15.1975
15.2026
15.1873
15.1924
15.1924
15.1975
15.1975
15.1924
15.1924
15.1924
15.1873
15.1975
15.1924
15.1873
15.1822
15.1822
15.1822
15.1873
15.1822
15.1822
15.1771
15.1822
15.1822
15.1771
15.1771
15.1822
15.172
15.1822
15.1771
15.172
15.172
15.1771
15.172
15.1771
15.1669
15.172
15.1669
15.172
15.172
15.1669
15.1669
15.1618
15.1669
15.1669
15.1669
15.1618
15.1669
15.1669
15.1618
15.1669
15.1567
15.1618
15.1669
15.1567
15.1618
15.1567
15.1567
15.1516
15.1567
15.1516
15.1567
15.1465
15.1516
15.1465
15.1516
15.1516
15.1465
15.1516
15.1465
15.1414
15.1516
15.1414
15.1516
15.1363
15.1414
15.1414
15.1465
15.1363
15.1516
15.1363
15.1465
15.1414
15.1363
15.1363
15.1363
15.1363
15.1414
15.1312
15.1312
15.1312
15.1363
15.1363
15.1312
15.1363
15.1312
15.1312
15.1261
15.1312
15.1261
15.1312
15.1312
15.1312
15.1261
15.1261
15.121
15.1261
15.1261
15.1312
15.121
15.1261
15.121
15.1261
15.121
15.1261
15.1159
15.1261
15.1159
15.1261
15.121
15.1159
15.1159
15.121
15.1159
15.121
15.1159
15.1159
15.1159
15.121
15.1159
15.121
15.1108
15.1159
15.1159
15.1159
15.1261
15.1108
15.1159
15.1159
15.121
15.1159
15.1159
15.1108
15.121
15.1108
15.1108
15.1108
15.1108
15.1057
15.1108
15.1057
15.1108
15.1006
15.1006
15.1057
15.1108
15.1057
15.1108
15.1006
15.1108
15.1006
15.1057
15.1057
15.1057
15.1057
15.1057
15.1006
15.1108
15.1006
15.1057
15.0955
15.1057
15.1057
15.1057
15.0955
15.1057
15.1057
15.1006
15.1057
15.1006
15.1057
15.1006
15.1006
15.1057
15.1006
15.0955
15.1057
15.0955
15.1057
15.0955
15.1006
15.0904
15.1006
15.0904
15.1057
15.0904
15.1108
15.0955
15.1057
15.0955
15.1057
15.1057
15.1057
15.0955
15.1108
15.1006
15.1006
15.0955
15.1057
15.0955
15.1108
15.0904
15.1057
15.1006
15.1057
15.1057
15.1006
15.1057
15.1057
15.1057
15.1057
15.1108
15.1006
15.1108
15.1057
15.1108
15.1108
15.1108
15.1159
15.121
15.1108
15.1261
15.1159
15.121
15.121
15.1312
15.1261
15.1363
15.1261
15.1363
15.1312
15.1465
15.1465
15.1567
15.1465
15.1618
15.1567
15.1771
15.1669
15.1771
15.1771
15.1873
15.1873
15.1975
15.2026
15.2077
15.2077
15.223
15.223
15.2332
15.2383
15.2434
15.2536
15.2587
15.2638
15.2689
15.2791
15.2842
15.2995
15.3046
15.3148
15.3148
15.3301
15.3301
15.3505
15.3505
15.3607
15.3607
15.3811
15.3862
15.3964
15.3913
15.4117
15.4168
15.4321
15.4372
15.4525
15.4525
15.4678
15.4678
15.4882
15.4882
15.5035
15.5035
15.5188
15.529
15.5392
15.5392
15.5545
15.5647
15.5749
15.58
15.5851
15.6004
15.6004
15.6106
15.6259
15.6259
15.6361
15.6412
15.6514
15.6616
15.6667
15.6718
15.6769
15.6922
15.6973
15.7075
15.7075
15.7177
15.7177
15.733
15.7381
15.7432
15.7432
15.7585
15.7585
15.7738
15.7687
15.784
15.7789
15.7942
15.7942
15.8044
15.7993
15.8146
15.8095
15.8248
15.8248
15.835
15.8299
15.8452
15.8452
15.8605
15.8503
15.8605
15.8605
15.8707
15.8758
15.8758
15.8758
15.8809
15.8809
15.886
15.8962
15.8962
15.8962
15.9013
15.9013
15.9064
15.9115
15.9064
15.9115
15.9115
15.9166
15.9166
15.9217
15.9166
15.9268
15.9217
15.937
15.9268
15.937
15.9319
15.9421
15.937
15.9421
15.9319
15.9472
15.9472
15.9523
15.9472
15.9523
15.9472
15.9574
15.9472
15.9574
15.9472
15.9574
15.9625
15.9574
15.9625
15.9625
15.9625
15.9676
15.9676
15.9676
15.9676
15.9676
15.9676
15.9676
15.9727
15.9727
15.9727
15.9676
15.9778
15.9676
15.9778
15.9727
15.9727
15.9727
15.9727
15.9727
15.9778
15.9676
15.9727
15.9727
15.9829
15.9727
15.9727
15.9676
15.9727
15.9727
15.9778
15.9625
15.9727
15.9625
15.9676
15.9676
15.9676
15.9676
15.9676
15.9625
15.9625
15.9676
15.9625
15.9676
15.9676
15.9574
15.9676
15.9523
15.9523
15.9625
15.9574
15.9574
15.9574
15.9523
15.9472
15.9523
15.9472
15.9574
15.9421
15.9472
15.9472
15.9472
15.9523
15.9523
15.9472
15.9523
15.9472
15.9523
15.9472
15.9523
15.9472
15.9523
15.9472
15.9625
15.9574
15.9574
15.9574
15.9625
15.9625
15.9625
15.9676
15.9727
15.9727
15.9829
15.9829
15.9829
15.988
15.9931
15.9931
16.0033
16.0135
16.0084
16.0084
16.0186
16.0237
16.0237
16.0288
16.0339
16.039
16.0492
16.0543
16.0543
16.0645
16.0645
16.0747
16.0798
16.0849
16.09
16.1002
16.1002
16.1206
16.1155
16.1308
16.1308
16.1359
16.1461
16.1563
16.1563
16.1716
16.1716
16.1818
16.1869
16.2022
16.1971
16.2175
16.2175
16.2328
16.2328
16.2481
16.243
16.2583
16.2634
16.2685
16.2838
16.2838
16.2889
16.294
16.3093
16.3042
16.3195
16.3246
16.3348
16.345
16.3399
16.3501
16.3603
16.3654
16.3654
16.3654
16.3654
16.3654
16.3654
16.3654
16.3654
16.3654
16.7381
16.7018
16.7018
16.7018
16.7018
16.6655
16.6655
16.7018
16.7018
16.7018
16.7018
16.7018
16.7018
16.7018
16.7381
16.7018
16.7381
16.7381
16.7381
16.7381
16.7381
16.7381
16.7381
16.7381
16.7744
16.7381
16.7744
16.7381
16.7381
16.7744
16.7744
16.7744
16.7381
16.7744
16.7744
16.7744
16.7744
16.7744
16.7381
16.7381
16.7744
16.7744
16.7744
16.7744
16.7744
16.7381
16.7744
16.7744
16.7381
16.7744
16.7744
16.7744
16.7744
16.7381
16.7381
16.7381
16.7381
16.7381
16.7381
16.7381
16.7381
16.7381
16.7381
16.7381
16.7018
16.7381
16.7381
16.7381
16.7018
16.7018
16.7381
16.7018
16.7381
16.7018
16.7018
16.7018
16.7018
16.7018
16.7018
16.7018
16.7018
16.6655
16.6655
16.7018
16.6655
16.6655
16.6655
16.6655
16.6655
16.6655
16.6655
16.6655
16.6655
16.6655
16.6655
16.6292
16.6292
16.6292
16.6292
16.6292
16.6292
16.6292
16.6292
16.6292
16.6292
16.5929
16.5929
16.5929
16.5929
16.5929
16.5929
16.5566
16.5566
16.5929
16.5566
16.5566
16.5566
16.5203
16.5203
16.5566
16.5566
16.5203
16.5566
16.5203
16.5203
16.5203
16.5203
16.5203
16.5203
16.484
16.484
16.484
16.484
16.4477
16.484
16.4477
16.484
16.4477
16.4477
16.4477
16.4477
16.4477
16.4477
16.4477
16.4477
16.4114
16.4114
16.4114
16.4114
16.4114
16.3751
16.3751
16.3751
16.3751
16.3751
16.3751
16.3388
16.3388
16.3388
16.3388
16.3388
16.3388
16.3388
16.3388
16.3025
16.3025
16.3025
16.3025
16.3025
16.3025
16.2662
16.2662
16.2662
16.2662
16.2299
16.2299
16.2299
16.2299
16.2299
16.2299
16.1936
16.1936
16.1936
16.1936
16.1936
16.1936
16.1936
16.1573
16.1573
16.1573
16.1573
16.121
16.1573
16.1573
16.121
16.1573
16.121
16.121
16.121
16.121
16.121
16.0847
16.0847
16.0847
16.0847
16.0847
16.0484
16.0484
16.0484
16.0484
16.0121
16.0484
16.0484
16.0121
16.0121
16.0121
16.0121
16.0121
15.9758
15.9758
15.9758
15.9758
15.9758
15.9395
15.9758
15.9395
15.9395
15.9395
15.9395
15.9395
15.9032
15.9395
15.9032
15.9032
15.9032
15.9032
15.9032
15.9032
15.9032
15.8669
15.8669
15.8669
15.8669
15.8669
15.8669
15.8669
15.8306
15.8669
15.8306
15.8306
15.7943
15.8306
15.8306
15.7943
15.8306
15.7943
15.7943
15.7943
15.7943
15.7943
15.758
15.758
15.758
15.758
15.758
15.758
15.758
15.758
15.758
15.5086
15.5137
15.4984
15.4984
15.4984
15.4984
15.4882
15.4831
15.4729
15.478
15.4729
15.4729
15.4678
15.4576
15.4678
15.4627
15.4525
15.4576
15.4474
15.4423
15.4372
15.4372
15.4372
15.4321
15.427
15.427
15.427
15.4219
15.4219
15.4117
15.4117
15.4117
15.4066
15.4066
15.4015
15.4066
15.4015
15.4015
15.4015
15.3964
15.3964
15.3913
15.3964
15.3964
15.3964
15.3862
15.3964
15.3862
15.3862
15.3862
15.3862
15.3811
15.3862
15.3811
15.3862
15.3811
15.3811
15.376
15.3811
15.3811
15.3811
15.376
15.376
15.376
15.3709
15.376
15.3811
15.3709
15.376
15.376
15.376
15.3709
15.3709
15.3709
15.3709
15.376
15.3709
15.376
15.3658
15.3709
15.3658
15.376
15.3709
15.3709
15.3658
15.3709
15.3658
15.3709
15.3607
15.3709
15.3658
15.3709
15.3658
15.3658
15.3607
15.3658
15.3607
15.3709
15.3658
15.3607
15.3607
15.3658
15.3607
15.3556
15.3607
15.3607
15.3556
15.3607
15.3607
15.3556
15.3556
15.3607
15.3556
15.3607
15.3556
15.3556
15.3556
15.3607
15.3607
15.3556
15.3556
15.3556
15.3556
15.3607
15.3556
15.3505
15.3607
15.3505
15.3505
15.3505
15.3403
15.3505
15.3505
15.3454
15.3505
15.3352
15.3403
15.3403
15.3454
15.3403
15.3403
15.3403
15.3403
15.3352
15.3403
15.3403
15.3352
15.3352
15.3403
15.3403
15.3403
15.3301
15.3301
15.3301
15.3301
15.3301
15.3301
15.3352
15.3301
15.325
15.325
15.3301
15.3148
15.325
15.3199
15.325
15.3199
15.3148
15.3097
15.3199
15.3199
15.3199
15.3148
15.3148
15.3097
15.3148
15.3097
15.3148
15.3097
15.3148
15.3097
15.3148
15.3097
15.3046
15.2944
15.3097
15.3046
15.3097
15.2995
15.3046
15.2995
15.2995
15.2995
15.3046
15.2944
15.2995
15.2944
15.3046
15.2995
15.2944
15.2995
15.2944
15.2944
15.2944
15.2944
15.2893
15.2944
15.2893
15.2893
15.2893
15.2893
15.2842
15.2893
15.2842
15.2944
15.2842
15.2893
15.2842
15.2944
15.2842
15.2893
15.2893
15.2842
15.274
15.2791
15.2791
15.2842
15.274
15.2842
15.274
15.2791
15.274
15.274
15.2689
15.2791
15.274
15.274
15.2689
15.2689
15.2689
15.2638
15.2689
15.2638
15.2638
15.2689
15.2638
15.2638
15.2638
15.2587
15.2587
15.2587
15.2638
15.2638
15.2587
15.2536
15.2587
15.2536
15.2638
15.2485
15.2536
15.2536
15.2536
15.2536
15.2485
15.2434
15.2485
15.2485
15.2536
15.2485
15.2485
15.2383
15.2434
15.2383
15.2485
15.2332
15.2434
15.2383
15.2434
15.2434
15.2383
15.2383
15.2383
15.2332
15.2383
15.2383
15.2332
15.2332
15.2332
15.2281
15.2332
15.2281
15.2332
15.2281
15.2281
15.2332
15.2281
15.223
15.223
15.2281
15.223
15.2281
15.223
15.223
15.2179
15.223
15.223
15.2281
15.2281
15.2281
15.2179
15.2281
15.2179
15.223
15.2179
15.2281
15.2179
15.223
15.2179
15.2179
15.2179
15.223
15.2179
15.223
15.2128
15.2128
15.2179
15.2179
15.2128
15.2128
15.2179
15.2128
15.2179
15.2128
15.2128
15.2077
15.2077
15.2077
15.2128
15.2077
15.2077
15.2077
15.2077
15.2128
15.2077
15.2077
15.2077
15.2077
15.2128
15.2077
15.2077
15.2128
15.2128
15.2026
15.2128
15.2026
15.2077
15.2077
15.2077
15.2077
15.2128
15.2026
15.2077
15.2077
15.2128
15.2077
15.2128
15.2026
15.2077
15.2026
15.2128
15.2026
15.2077
15.2026
15.2077
15.2077
15.2026
15.2026
15.2026
15.2077
15.2077
15.2077
15.1975
15.2128
15.2026
15.2077
15.2077
15.2077
15.2026
15.2077
15.2077
15.2128
15.2077
15.2128
15.2128
15.2128
15.2077
15.2128
15.2026
15.2128
15.2128
15.2128
15.2128
15.2077
15.2077
15.2077
15.2077
15.2128
15.2077
15.2128
15.2128
15.2128
15.2128
15.2128
15.2179
15.2077
15.2077
15.2077
15.2077
15.2077
15.2128
15.2077
15.2077
15.2128
15.2077
15.2128
15.2128
15.2077
15.2128
15.2128
15.2077
15.2077
15.2128
15.2077
15.2179
15.2077
15.2128
15.2077
15.2128
15.2128
15.2128
15.2077
15.2179
15.2128
15.2128
15.2128
15.2128
15.2077
15.2128
15.2077
15.2179
15.2128
15.2128
15.2179
15.2128
15.2179
15.2077
15.2128
15.2128
15.2179
15.2179
15.2179
15.2128
15.2128
15.2128
15.2128
15.223
15.2128
15.2128
15.2128
15.2179
15.2179
15.2128
15.2179
15.2128
15.223
15.223
15.223
15.2179
15.2179
15.2179
15.223
15.223
15.223
15.2179
15.223
15.223
15.2281
15.2179
15.2281
15.2179
15.223
15.223
15.2281
15.223
15.223
15.223
15.223
15.2281
15.223
15.223
15.2281
15.2179
15.2281
15.2179
15.2179
15.223
15.223
15.2281
15.2281
15.2179
15.223
15.223
15.223
15.2281
15.223
15.2281
15.2281
15.223
15.2281
15.2281
15.223
15.2281
15.2281
15.2332
15.2281
15.2281
15.2332
15.2281
15.223
15.2383
15.2281
15.2281
15.2281
15.2281
15.2332
15.2332
15.2332
15.2281
15.2332
15.2383
15.2332
15.2332
15.2383
15.2332
15.2332
15.2332
15.2281
15.2281
15.2332
15.2281
15.2383
15.2281
15.2332
15.2332
15.2332
15.2383
15.2383
15.2332
15.2383
15.2332
15.2383
15.2383
15.2485
15.2332
15.2434
15.2383
15.2485
15.2383
15.2383
15.2383
15.2485
15.2434
15.2434
15.2383
15.2434
15.2383
15.2434
15.2434
15.2434
15.2485
15.2434
15.2434
15.2485
15.2383
15.2536
15.2434
15.2485
15.2485
15.2485
15.2485
15.2434
15.2434
15.2434
15.2485
15.2485
15.2434
15.2434
15.2485
15.2485
15.2485
15.2485
15.2485
15.2485
15.2536
15.2485
15.2485
15.2485
15.2485
15.2485
15.2536
15.2485
15.2536
15.2485
15.2536
15.2536
15.2536
15.2485
15.2536
15.2536
15.2587
15.2536
15.2536
15.2485
15.2536
15.2536
15.2587
15.2536
15.2536
15.2536
15.2536
15.2587
15.2536
15.2536
15.2587
15.2587
15.2638
15.2638
15.2587
15.2689
15.2638
15.2638
15.2638
15.2638
15.2587
15.2638
15.2689
15.2689
15.2587
15.2638
15.2689
15.2689
15.2689
15.2689
15.2638
15.2689
15.2638
15.2689
15.2689
15.2689
15.2638
15.2689
15.2689
15.274
15.2689
15.2689
15.2689
15.274
15.2689
15.274
15.2689
15.274
15.274
15.274
15.2791
15.274
15.274
15.274
15.2791
15.274
15.2689
15.274
15.274
15.274
15.2791
15.274
15.274
15.274
15.274
15.274
15.2791
15.274
15.274
15.2791
15.274
15.2791
15.2791
15.274
15.2791
15.274
15.2842
15.274
15.2893
15.274
15.2791
15.2791
15.2842
15.274
15.2791
15.2791
15.2842
15.2893
15.2842
15.2842
15.2893
15.2842
15.2893
15.2893
15.2842
15.2842
15.2842
15.2893
15.2893
15.2842
15.2842
15.2842
15.2842
15.2893
15.2842
15.2842
15.2842
15.2893
15.2893
15.2944
15.2842
15.2893
15.2893
15.2842
15.2893
15.2842
15.2842
15.2944
15.2842
15.2893
15.2791
15.2893
15.2893
15.2944
15.2893
15.2944
15.2842
15.2893
15.2893
15.2893
15.2893
15.2893
15.2893
15.2893
15.2893
15.2944
15.2893
15.2944
15.2944
15.2893
15.2944
15.2944
15.2893
15.2893
15.2893
15.2893
15.2944
15.2842
15.2944
15.2995
15.2944
15.2944
15.2944
15.2893
15.2944
15.2893
15.2995
15.2944
15.2995
15.2944
15.2995
15.2944
15.3046
15.2995
15.2995
15.2995
15.3046
15.2995
15.2995
15.3046
15.2995
15.2995
15.3046
15.2944
15.2995
15.2944
15.3046
15.2944
15.3046
15.2944
15.2995
15.2995
15.2995
15.3046
15.2944
15.2995
15.2995
15.2995
15.3046
15.3046
15.3097
15.2995
15.2995
15.3046
15.3046
15.3046
15.2995
15.3097
15.2995
15.3097
15.3046
15.3148
15.2995
15.3046
15.3046
15.3097
15.2995
15.3097
15.2995
15.3046
15.3046
15.3046
15.3046
15.3097
15.3046
15.3097
15.3046
15.3097
15.3046
15.3046
15.3097
15.3097
15.3046
15.3097
15.3046
15.3046
15.3097
15.3148
15.3046
15.3097
15.3097
15.3097
15.3097
15.3097
15.3046
15.3097
15.3097
15.3097
15.3046
15.3097
15.3097
15.3097
15.3148
15.3046
15.3097
15.3097
15.3046
15.3097
15.3097
15.3046
15.3097
15.3148
15.3148
15.3148
15.3097
15.3148
15.3199
15.3148
15.3199
15.3148
15.3148
15.3097
15.3148
15.3199
15.3148
15.3199
15.3199
15.3148
15.3199
15.3199
15.3097
15.3148
15.3148
15.3148
15.3199
15.3097
15.325
15.3199
15.3199
15.3199
15.3148
15.3199
15.3148
15.3199
15.3199
15.325
15.3148
15.3148
15.3148
15.3199
15.325
15.3199
15.325
15.3199
15.3199
15.325
15.3148
15.325
15.3148
15.3199
15.3199
15.325
15.3199
15.325
15.3199
15.325
15.3199
15.3148
15.3199
15.3199
15.3199
15.3301
15.3148
15.3199
15.325
15.325
15.325
15.325
15.325
15.3199
15.325
15.325
15.3301
15.325
15.325
15.3301
15.325
15.325
15.325
15.3199
15.3301
15.325
15.3301
15.325
15.325
15.3199
15.325
15.325
15.3301
15.325
15.325
15.3301
15.325
15.3301
15.3301
15.325
15.3301
15.3301
15.3352
15.3301
15.3301
15.3301
15.3301
15.3301
15.3352
15.3301
15.3352
15.3301
15.3301
15.3352
15.3301
15.3301
15.3301
15.3352
15.3352
15.3352
15.3301
15.3301
15.3352
15.3301
15.3352
15.3301
15.3301
15.3352
15.3352
15.3403
15.3301
15.3301
15.3301
15.3352
15.3352
15.3352
15.3301
15.3352
15.3352
15.3352
15.3352
15.3352
15.3301
15.3352
15.3301
15.3403
15.3352
15.3403
15.3352
15.3403
15.3403
15.3403
15.3352
15.3454
15.3352
15.3403
15.3403
15.3403
15.3454
15.3403
15.3403
15.3403
15.3403
15.3454
15.3403
15.3454
15.3505
15.3454
15.3454
15.3505
15.3454
15.3454
15.3505
15.3454
15.3505
15.3505
15.3556
15.3556
15.3556
15.3505
15.3556
15.3556
15.3607
15.3556
15.3607
15.3607
15.3607
15.3607
15.3658
15.3658
15.3709
15.3709
15.3658
15.3709
15.376
15.3709
15.376
15.376
15.3811
15.376
15.376
15.3862
15.3811
15.3811
15.3862
15.3862
15.3913
15.3913
15.3862
15.3913
15.3862
15.3913
15.3913
15.3964
15.3964
15.4015
15.3964
15.3964
15.4015
15.4015
15.4015
15.4015
15.4015
15.4117
15.4066
15.4168
15.4066
15.4117
15.4117
15.4168
15.4168
15.4168
15.4168
15.427
15.4117
15.4168
15.4219
15.4219
15.4219
15.4219
15.4219
15.4321
15.427
15.427
15.427
15.427
15.4321
15.4321
15.4321
15.4321
15.4321
15.4321
15.4372
15.4321
15.4372
15.4321
15.4372
15.4372
15.4423
15.4321
15.4423
15.4423
15.4423
15.4372
15.4423
15.4372
15.4423
15.4372
15.4525
15.4423
15.4474
15.4423
15.4474
15.4474
15.4474
15.4423
15.4474
15.4474
15.4525
15.4474
15.4474
15.4423
15.4474
15.4474
15.4525
15.4474
15.4474
15.4525
15.4474
15.4525
15.4423
15.4474
15.4525
15.4474
15.4525
15.4525
15.4474
15.4474
15.4474
15.4525
15.4525
15.4474
15.4423
15.4474
15.4525
15.4525
15.4474
15.4474
15.4474
15.4474
15.4474
15.4525
15.4525
15.4474
15.4423
15.4474
15.4525
15.4423
15.4474
15.4525
15.4474
15.4525
15.4423
15.4474
15.4474
15.4525
15.4474
15.4525
15.4372
15.4525
15.4474
15.4474
15.4474
15.4525
15.4474
15.4423
15.4474
15.4474
15.4423
15.4423
15.4423
15.4423
15.4474
15.4423
15.4423
15.4372
15.4423
15.4474
15.4474
15.4372
15.4474
15.4372
15.4423
15.4474
15.4423
15.4474
15.4423
15.4423
15.4474
15.4423
15.4372
15.4372
15.4423
15.4372
15.4423
15.4372
15.4372
15.4372
15.4372
15.4423
15.4372
15.4321
15.4321
15.4372
15.4423
15.4372
15.4321
15.4321
15.4321
15.4321
15.4372
15.427
15.4321
15.4372
15.4321
15.4321
15.427
15.4321
15.427
15.4321
15.427
15.4321
15.4219
15.427
15.427
15.427
15.427
15.427
15.4219
15.4219
15.4219
15.4321
15.4117
15.4219
15.4219
15.4219
15.4219
15.4219
15.4219
15.4168
15.4168
15.4168
15.4219
15.4117
15.4168
15.4168
15.4219
15.4168
15.4168
15.4117
15.4168
15.4117
15.4168
15.4117
15.4117
15.4117
15.4117
15.4117
15.4168
15.4015
15.4117
15.4066
15.4117
15.4168
15.4066
15.4168
15.4117
15.4066
15.4168
15.4066
15.4117
15.4015
15.4066
15.4015
15.4117
15.4015
15.4066
15.4066
15.4117
15.4066
15.4066
15.4015
15.4015
15.4066
15.4066
15.4015
15.4066
15.3964
15.3964
15.3964
15.4015
15.3964
15.4015
15.3964
15.3964
15.4015
15.3913
15.3964
15.3964
15.3964
15.3964
15.3964
15.3913
15.3964
15.3964
15.3964
15.3913
15.3913
15.3913
15.3964
15.3913
15.3964
15.3862
15.3913
15.3862
15.3913
15.3913
15.3913
15.3862
15.4015
15.3862
15.3913
15.3913
15.3913
15.3811
15.3913
15.3862
15.3913
15.3862
15.3811
15.3862
15.3913
15.3913
15.3913
15.3862
15.3862
15.3862
15.3862
15.3862
15.3913
15.3862
15.3862
15.3913
15.3862
15.3811
15.3811
15.3811
15.3811
15.3862
15.3811
15.3811
15.3811
15.3862
15.376
15.3862
15.3709
15.3811
15.3811
15.3811
15.3811
15.376
15.376
15.3811
15.3811
15.3811
15.376
15.3709
15.376
15.376
15.3709
15.3811
15.376
15.376
15.3709
15.376
15.376
15.3709
15.376
15.376
15.3709
15.376
15.376
15.3709
15.376
15.376
15.3709
15.376
15.3709
15.3709
15.3709
15.3709
15.376
15.3658
15.3709
15.3709
15.376
15.376
15.376
15.3709
15.376
15.376
15.376
15.376
15.3658
15.3709
15.376
15.3709
15.376
15.3658
15.3811
15.3709
15.376
15.376
15.376
15.3709
15.3709
15.3709
15.3709
15.376
15.3709
15.3709
15.3709
15.3709
15.376
15.3709
15.3709
15.3709
15.3709
15.3709
15.3709
15.3709
15.376
15.3709
15.3658
15.376
15.3658
15.3658
15.3709
15.3709
15.3709
15.3709
15.3658
15.3709
15.3658
15.3709
15.3658
15.3658
15.3658
15.3658
15.3658
15.3709
15.3556
15.3658
15.3658
15.3658
15.3658
15.3658
15.3709
15.3658
15.3658
15.3709
15.3658
15.3658
15.3658
15.3658
15.3658
15.3709
15.3607
15.3658
15.3658
15.3658
15.3709
15.3658
15.3607
15.3658
15.3709
15.3658
15.3658
15.3607
15.3658
15.3607
15.3658
15.3658
15.3607
15.3607
15.3658
15.3658
15.3709
15.3607
15.3607
15.3658
15.3709
15.3658
15.3658
15.3709
15.3658
15.3658
15.3658
15.3709
15.3607
15.3607
15.3658
15.3607
15.3709
15.3658
15.3709
15.3658
15.3658
15.3658
15.3658
15.3556
15.3709
15.3658
15.3607
15.3658
15.3607
15.3607
15.3556
15.3658
15.3658
15.3607
15.3607
15.3607
15.3607
15.3658
15.3607
15.3607
15.3607
15.3607
15.3607
15.3658
15.3607
15.3607
15.3556
15.3607
15.3607
15.3607
15.3607
15.3658
15.3607
15.3607
15.3607
15.3658
15.3556
15.3607
15.3556
15.3607
15.3556
15.3556
15.3607
15.3607
15.3607
15.3607
15.3556
15.3607
15.3607
15.3607
15.3607
15.3556
15.3658
15.3556
15.3556
15.3607
15.3556
15.3607
15.3556
15.3607
15.3658
15.3556
15.3556
15.3556
15.3607
15.3607
15.3607
15.3556
15.3658
15.3556
15.3556
15.3556
15.3556
15.3556
15.3607
15.3556
15.3607
15.3556
15.3556
15.3556
15.3607
15.3556
15.3556
15.3556
15.3556
15.3556
15.3556
15.3556
15.3556
15.3556
15.3556
15.3556
15.3607
15.3556
15.3556
15.3556
15.3556
15.3556
15.3556
15.3505
15.3556
15.3505
15.3505
15.3556
15.3505
15.3505
15.3505
15.3556
15.3556
15.3454
15.3454
15.3505
15.3505
15.3556
15.3505
15.3505
15.3454
15.3505
15.3454
15.3556
15.3454
15.3505
15.3505
15.3556
15.3505
15.3505
15.3505
15.3505
15.3505
15.3505
15.3505
15.3505
15.3505
15.3505
15.3505
15.3556
15.3505
15.3505
15.3505
15.3505
15.3556
15.3505
15.3505
15.3454
15.3505
15.3505
15.3505
15.3556
15.3454
15.3454
15.3454
15.3505
15.3505
15.3454
15.3556
15.3505
15.3505
15.3454
15.3505
15.3454
15.3505
15.3505
15.3505
15.3454
15.3454
15.3454
15.3454
15.3505
15.3505
15.3454
15.3505
15.3454
15.3505
15.3403
15.3454
15.3505
15.3505
15.3505
15.3454
15.3556
15.3454
15.3454
15.3454
15.3505
15.3454
15.3454
15.3454
15.3454
15.3505
15.3505
15.3454
15.3454
15.3505
15.3505
15.3505
15.3505
15.3505
15.3505
15.3454
15.3505
15.3403
15.3454
15.3505
15.3505
15.3505
15.3505
15.3454
15.3505
15.3505
15.3556
15.3505
15.3505
15.3454
15.3505
15.3454
15.3556
15.3403
15.3505
15.3454
15.3505
15.3505
15.3403
15.3556
15.3505
15.3454
15.3505
15.3505
15.3454
15.3505
15.3505
15.3505
15.3454
15.3505
15.3454
15.3454
15.3505
15.3505
15.3454
15.3505
15.3454
15.3454
15.3505
15.3505
15.3505
15.3505
15.3454
15.3505
15.3454
15.3454
15.3454
15.3454
15.3454
15.3505
15.3454
15.3454
15.3403
15.3505
15.3454
15.3454
15.3505
15.3454
15.3403
15.3505
15.3454
15.3454
15.3454
15.3454
15.3454
15.3505
15.3454
15.3505
15.3454
15.3454
15.3454
15.3454
15.3403
15.3403
15.3403
15.3403
15.3454
15.3505
15.3454
15.3454
15.3403
15.3505
15.3454
15.3403
15.3505
15.3454
15.3454
15.3454
15.3454
15.3403
15.3403
15.3454
15.3505
15.3403
15.3454
15.3454
15.3454
15.3454
15.3352
15.3403
15.3505
15.3454
15.3454
15.3403
15.3403
15.3454
15.3352
15.3403
15.3403
15.3403
15.3352
15.3352
15.3403
15.3454
15.3352
15.3454
15.3352
15.3403
15.3352
15.3352
15.3352
15.3454
15.3352
15.3352
15.3403
15.3352
15.3352
15.3352
15.3403
15.3403
15.3352
15.3352
15.3352
15.3352
15.3403
15.3403
15.3301
15.3403
15.3301
15.3403
15.3352
15.3352
15.3301
15.3403
15.3301
15.3403
15.325
15.3301
15.3301
15.3352
15.3352
15.3352
15.3352
15.3301
15.3301
15.3352
15.3352
15.3301
15.3301
15.3301
15.3301
15.3352
15.325
15.3301
15.3352
15.3301
15.3352
15.3301
15.3301
15.325
15.3352
15.3301
15.3352
15.3301
15.3301
15.3352
15.3352
15.3352
15.3301
15.3301
15.3301
15.3301
15.3352
15.3301
15.3301
15.3301
15.3352
15.3301
15.3352
15.325
15.3301
15.325
15.3301
15.3352
15.3301
15.3301
15.3301
15.3301
15.3301
15.3301
15.325
15.3301
15.325
15.325
15.3301
15.3199
15.325
15.325
15.325
15.3352
15.3199
15.325
15.3301
15.325
15.3301
15.325
15.3301
15.325
15.3199
15.325
15.3301
15.3301
15.3199
15.325
15.325
15.3301
15.3199
15.325
15.325
15.325
15.325
15.325
15.3199
15.3301
15.3199
15.325
15.325
15.3301
15.3199
15.3199
15.3199
15.325
15.3199
15.3301
15.3199
15.3199
15.325
15.3199
15.3199
15.3199
15.3199
15.3199
15.325
15.3199
15.325
15.3148
15.325
15.3199
15.3199
15.325
15.3199
15.3148
15.325
15.3199
15.3199
15.3148
15.3199
15.3148
15.325
15.3097
15.3199
15.3199
15.325
15.325
15.3199
15.325
15.3199
15.3148
15.3199
15.3199
15.3199
15.3199
15.3199
15.3148
15.3199
15.3148
15.3199
15.3199
15.3148
15.3199
15.3148
15.3148
15.3148
15.3199
15.3148
15.3199
15.3097
15.3148
15.3148
15.3148
15.3199
15.3199
15.3199
15.3148
15.3199
15.3199
15.3148
15.3148
15.3148
15.3199
15.3148
15.3199
15.3097
15.3148
15.3148
15.3148
15.3148
15.3148
15.3199
15.3148
15.3148
15.3199
15.3097
15.3097
15.3148
15.3148
15.3148
15.3148
15.3097
15.3097
15.3097
15.3097
15.3148
15.3046
15.3148
15.3097
15.3148
15.3148
15.3097
15.3097
15.3148
15.3097
15.3148
15.3097
15.3046
15.3097
15.3148
15.3097
15.3199
15.3097
15.3199
15.3148
15.3148
15.3148
15.3148
15.3097
15.3148
15.3148
15.3199
15.3148
15.3199
15.3148
15.3148
15.3148
15.3199
15.3148
15.3148
15.3199
15.3148
15.3199
15.3148
15.3199
15.3148
15.3199
15.3199
15.3199
15.3148
15.3148
15.3148
15.3148
15.3199
15.3199
15.3148
15.3199
15.3148
15.325
15.3199
15.3199
15.3199
15.3199
15.3199
15.3199
15.3199
15.3199
15.3199
15.325
15.325
15.3199
15.3199
15.325
15.325
15.3301
15.3148
15.325
15.3301
15.3301
15.3301
15.3301
15.325
15.3301
15.325
15.3301
15.3301
15.3301
15.3301
15.3301
15.3301
15.3352
15.3301
15.3301
15.3352
15.3301
15.3403
15.3301
15.3301
15.3301
15.3301
15.3301
15.3403
15.3301
15.3352
15.3352
15.3352
15.3403
15.3403
15.3352
15.3403
15.3403
15.3403
15.3403
15.3454
15.3352
15.3403
15.3403
15.3454
15.3403
15.3403
15.3352
15.3454
15.3454
15.3403
15.3403
15.3403
15.3403
15.3403
15.3403
15.3352
15.3403
15.3403
15.3403
15.3403
15.3454
15.3352
15.3403
15.3403
15.3454
15.3352
15.3352
15.3403
15.3403
15.3403
15.3403
15.3352
15.3454
15.3352
15.3352
15.3403
15.3454
15.3301
15.3403
15.3352
15.3403
15.3352
15.3352
15.3352
15.3403
15.3352
15.3403
15.3301
15.3352
15.3352
15.3352
15.3403
15.3352
15.3403
15.3352
15.3352
15.3403
15.3352
15.3352
15.3352
15.3352
15.3352
15.3352
15.3352
15.3352
15.3301
15.3301
15.3352
15.3301
15.3352
15.3301
15.3301
15.3352
15.3301
15.325
15.3301
15.3352
15.3403
15.3352
15.3352
15.3352
15.3352
15.3301
15.3352
15.3301
15.3403
15.325
15.3352
15.3301
15.3301
15.3301
15.3301
15.3301
15.3301
15.3301
15.3301
15.325
15.3301
15.325
15.3301
15.325
15.325
15.325
15.3301
15.3301
15.325
15.325
15.3301
15.3301
15.325
15.3301
15.3199
15.325
15.3199
15.3199
15.325
15.3199
15.3199
15.3301
15.3148
15.325
15.3199
15.3199
15.3199
15.3199
15.3199
15.325
15.3148
15.3199
15.3199
15.3199
15.3199
15.3148
15.3148
15.3148
15.3199
15.325
15.3148
15.3199
15.3148
15.3199
15.3199
15.3199
15.3097
15.3148
15.3148
15.3148
15.3148
15.3199
15.3148
15.3148
15.3148
15.3199
15.3148
15.3097
15.3148
15.3148
15.3199
15.3148
15.3199
15.3097
15.3148
15.3148
15.3199
15.3097
15.325
15.3097
15.3148
15.3148
15.3097
15.3148
15.3148
15.3097
15.3148
15.3097
15.3148
15.3097
15.3097
15.3097
15.3148
15.3097
15.3097
15.3097
15.3148
15.3097
15.3097
15.3097
15.3148
15.3097
15.3148
15.3097
15.3097
15.3097
15.3097
15.3097
15.3148
15.2995
15.3097
15.3097
15.3097
15.3148
15.3097
15.3097
15.3097
15.3148
15.3097
15.3097
15.3046
15.3148
15.3046
15.3097
15.3097
15.3046
15.3046
15.3097
15.3046
15.3148
15.3046
15.3097
15.3046
15.3097
15.3097
15.3148
15.3046
15.3097
15.3046
15.3097
15.3097
15.3097
15.3097
15.3097
15.3097
15.3148
15.3046
15.3097
15.3148
15.3097
15.3148
15.3148
15.3046
15.3097
15.3148
15.3097
15.3148
15.3097
15.3097
15.3046
15.3148
15.3097
15.3097
15.3097
15.3148
15.3097
15.3148
15.3097
15.3097
15.3148
15.3097
15.3097
15.3148
15.2995
15.3148
15.3097
15.3097
15.3097
15.3097
15.3097
15.3097
15.3046
15.3097
15.3097
15.3097
15.3046
15.3097
15.3046
15.3097
15.3046
15.3046
15.3097
15.3046
15.3097
15.2995
15.3046
15.3046
15.3046
15.3097
15.3097
15.3046
15.3046
15.3046
15.3046
15.3046
15.3046
15.2995
15.3097
15.3097
15.3097
15.3046
15.3046
15.2995
15.3097
15.3046
15.3097
15.2995
15.3097
15.2995
15.3046
15.3046
15.3097
15.3046
15.3046
15.2995
15.3046
15.2944
15.2995
15.2995
15.3046
15.2995
15.3046
15.2995
15.2995
15.2995
15.3046
15.3046
15.2995
15.2995
15.2995
15.2995
15.3046
15.2995
15.2995
15.2995
15.2995
15.2995
15.2944
15.2995
15.2995
15.2944
15.2944
15.2995
15.2944
15.2944
15.2893
15.2995
15.2944
15.2995
15.2893
15.2995
15.2944
15.2995
15.2944
15.2944
15.2944
15.2944
15.2944
15.2995
15.2893
15.2893
15.2893
15.2944
15.2944
15.2893
15.2842
15.2893
15.2893
15.2893
15.2893
15.2893
15.2893
15.2893
15.2893
15.2893
15.2944
15.2893
15.2893
15.2893
15.2893
15.2893
15.2944
15.2842
15.2842
15.2842
15.2842
15.2791
15.2842
15.2842
15.2893
15.2893
15.2842
15.2842
15.2842
15.2842
15.2893
15.2791
15.2842
15.2791
15.2842
15.2842
15.2893
15.2791
15.2842
15.2842
15.2842
15.2842
15.2791
15.2842
15.2842
15.2842
15.2893
15.2791
15.2842
15.2842
15.2893
15.2893
15.2842
15.2842
15.2893
15.2893
15.2893
15.2944
15.2842
15.2893
15.2893
15.2893
15.2944
15.2944
15.2893
15.2995
15.2893
15.2944
15.2944
15.2944
15.2893
15.2893
15.2893
15.2995
15.2944
15.2995
15.2893
15.2995
15.2944
15.2995
15.2995
15.2995
15.2995
15.3046
15.2995
15.2995
15.2995
15.2995
15.3046
15.3046
15.3046
15.2995
15.2995
15.2995
15.3046
15.2995
15.2995
15.3046
15.2995
15.3046
15.3046
15.3046
15.3046
15.2995
15.3046
15.3046
15.3046
15.2995
15.3097
15.3046
15.3097
15.2995
15.3097
15.3097
15.3097
15.3097
15.3097
15.3046
15.3097
15.3097
15.3097
15.3097
15.3097
15.3046
15.3148
15.3097
15.3148
15.3097
15.3097
15.3097
15.3148
15.3097
15.3148
15.3097
15.3148
15.3097
15.3097
15.3148
15.3097
15.3148
15.3097
15.3097
15.3148
15.3046
15.3097
15.3148
15.3097
15.3148
15.3148
15.3097
15.3097
15.3097
15.3046
15.3148
15.3046
15.3148
15.3097
15.3148
15.3097
15.3097
15.3046
15.3097
15.3046
15.3097
15.3046
15.3148
15.3046
15.3097
15.2995
15.3097
15.2944
15.3046
15.3046
15.3097
15.3046
15.2995
15.2995
15.3046
15.3046
15.3046
15.3046
15.3046
15.2995
15.2995
15.2995
15.3046
15.2995
15.2995
15.2944
15.2995
15.2995
15.2944
15.2995
15.2995
15.2995
15.2995
15.2995
15.2944
15.2995
15.2944
15.2944
15.2995
15.3046
15.2893
15.2944
15.2944
15.2995
15.2893
15.2944
15.2893
15.2944
15.2944
15.2944
15.2893
15.2944
15.2893
15.2893
15.2944
15.2893
15.2893
15.2995
15.2893
15.2944
15.2842
15.2842
15.2842
15.2893
15.2944
15.2893
15.2842
15.2893
15.2842
15.2893
15.2893
15.2842
15.2842
15.2893
15.2842
15.2842
15.2842
15.2842
15.2842
15.2791
15.2893
15.2842
15.274
15.2791
15.2842
15.2791
15.2893
15.2791
15.2791
15.2791
15.2791
15.2791
15.2791
15.2842
15.2791
15.274
15.2842
15.274
15.274
15.274
15.274
15.274
15.2791
15.2689
15.274
15.274
15.2791
15.274
15.274
15.2689
15.2689
15.2689
15.274
15.274
15.2689
15.2689
15.2689
15.2689
15.2689
15.2689
15.2689
15.2689
15.2638
15.274
15.2689
15.274
15.2638
15.2689
15.2638
15.2689
15.2638
15.2638
15.2638
15.2638
15.2638
15.2638
15.2638
15.2638
15.2587
15.2689
15.2638
15.2638
15.2587
15.2689
15.2587
15.2638
15.2587
15.2587
15.2587
15.2638
15.2587
15.2587
15.2638
15.2587
15.2587
15.2587
15.2587
15.2536
15.2587
15.2587
15.2587
15.2536
15.2536
15.2587
15.2536
15.2536
15.2587
15.2536
15.2536
15.2587
15.2536
15.2587
15.2536
15.2536
15.2536
15.2536
15.2536
15.2485
15.2536
15.2536
15.2536
15.2485
15.2536
15.2485
15.2485
15.2485
15.2485
15.2536
15.2485
15.2536
15.2485
15.2485
15.2536
15.2485
15.2485
15.2434
15.2485
15.2485
15.2485
15.2485
15.2434
15.2485
15.2434
15.2485
15.2383
15.2434
15.2434
15.2434
15.2434
15.2485
15.2383
15.2383
15.2383
15.2383
15.2434
15.2383
15.2383
15.2434
15.2383
15.2434
15.2281
15.2383
15.2383
15.2383
15.2383
15.2383
15.2332
15.2383
15.2332
15.2383
15.2383
15.2434
15.2332
15.2383
15.2332
15.2332
15.2332
15.2383
15.2332
15.2383
15.2383
15.2383
15.2332
15.2281
15.2332
15.2332
15.2332
15.2281
15.2332
15.2332
15.2332
15.2332
15.2332
15.2332
15.2383
15.2332
15.2383
15.2383
15.2332
15.2332
15.2383
15.2383
15.2383
15.2332
15.2383
15.2383
15.2383
15.2383
15.2383
15.2383
15.2434
15.2434
15.2485
15.2536
15.2485
15.2587
15.2536
15.2536
15.2587
15.2587
15.2689
15.2638
15.2689
15.274
15.274
15.2791
15.2791
15.2842
15.2893
15.2944
15.2944
15.2995
15.2995
15.3097
15.3148
15.3148
15.3199
15.325
15.3301
15.3403
15.3352
15.3454
15.3454
15.3556
15.3607
15.3709
15.3709
15.3811
15.3862
15.3964
15.4015
15.4117
15.4117
15.427
15.427
15.4423
15.4372
15.4576
15.4525
15.4678
15.478
15.4831
15.4933
15.4933
15.4984
15.5137
15.5188
15.529
15.529
15.5392
15.5494
15.5596
15.5596
15.5698
15.58
15.5902
15.6004
15.6106
15.6157
15.6208
15.6361
15.6361
15.6514
15.6514
15.6667
15.6718
15.682
15.6871
15.6871
15.6922
15.7126
15.7177
15.733
15.7381
15.7381
15.7483
15.7534
15.7687
15.7738
15.7738
15.784
15.7891
15.7993
15.8095
15.8146
15.8197
15.835
15.8401
15.8452
15.8503
15.8503
15.8707
15.8707
15.8758
15.886
15.886
15.9013
15.9013
15.9064
15.9166
15.9217
15.9319
15.9319
15.937
15.9421
15.9472
15.9472
15.9523
15.9625
15.9727
15.9727
15.9727
15.9778
15.9829
15.988
15.9982
15.9931
16.0084
15.9982
16.0084
16.0135
16.0186
16.0186
16.0237
16.0237
16.0288
16.0339
16.039
16.0339
16.0441
16.0441
16.0492
16.0492
16.0543
16.0594
16.0645
16.0645
16.0696
16.0645
16.0696
16.0696
16.0696
16.0798
16.0747
16.0849
16.0798
16.0849
16.0849
16.0849
16.0849
16.0849
16.09
16.0951
16.09
16.1002
16.09
16.09
16.09
16.1002
16.09
16.0951
16.09
16.0951
16.0951
16.0951
16.0951
16.0951
16.09
16.0951
16.09
16.0951
16.09
16.0951
16.09
16.0951
16.0951
16.09
16.09
16.09
16.09
16.0849
16.0849
16.0849
16.0849
16.0798
16.0798
16.0798
16.0747
16.0747
16.0747
16.0747
16.0696
16.0696
16.0696
16.0696
16.0696
16.0594
16.0594
16.0645
16.0594
16.0594
16.0543
16.0492
16.0492
16.0441
16.0492
16.0441
16.0441
16.039
16.0441
16.0339
16.039
16.0186
16.0237
16.0288
16.0237
16.0237
16.0186
16.0135
16.0135
16.0084
16.0084
16.0033
15.9982
15.9982
15.9982
15.9982
15.9931
15.9829
15.9829
15.9778
15.9829
15.9778
15.9727
15.9676
15.9625
15.9625
15.9574
15.9574
15.9523
15.9472
15.9472
15.9421
15.937
15.9268
15.9166
15.9217
15.9166
15.9166
15.9166
15.9064
15.9013
15.9013
15.8962
15.8962
15.8911
15.886
15.8809
15.8758
15.8758
15.8656
15.8707
15.8656
15.8605
15.8554
15.8503
15.8452
15.835
15.8401
15.8299
15.8299
15.8248
15.8248
15.8146
15.8095
15.8095
15.7993
15.7942
15.7942
15.7942
15.7891
15.7891
15.7789
15.7738
15.7687
15.7687
15.7636
15.7585
15.7534
15.7534
15.7432
15.7432
15.733
15.733
15.7228
15.7228
15.7177
15.7177
15.7075
15.7024
15.6973
15.6973
15.6922
15.682
15.6769
15.682
15.6718
15.6718
15.6616
15.6565
15.6565
15.6514
15.6514
15.6463
15.631
15.6361
15.631
15.6259
15.6259
15.6157
15.6106
15.6055
15.6004
15.6004
15.5953
15.5851
15.5902
15.5851
15.58
15.5698
15.5647
15.5647
15.5647
15.5545
15.5545
15.5392
15.5443
15.5443
15.5341
15.529
15.5239
15.5188
15.5137
15.5137
15.5137
15.5086
15.5035
15.4984
15.4933
15.4933
15.4933
15.4831
15.478
15.4729
15.478
15.4729
15.4627
15.4576
15.4525
15.4525
15.4525
15.4474
15.4423
15.4372
15.4372
15.4321
15.4321
15.4219
15.4168
15.4168
15.4117
15.4117
15.4066
15.3964
15.4015
15.3964
15.3913
15.3913
15.3862
15.3811
15.376
15.3709
15.3709
15.3709
15.3658
15.3709
15.3607
15.3607
15.3454
15.3505
15.3454
15.3454
15.3454
15.3403
15.3301
15.3301
15.3301
15.3301
15.3301
15.3199
15.3199
15.3199
15.3097
15.3148
15.3046
15.3046
15.3046
15.2944
15.2995
15.2893
15.2944
15.2842
15.2842
15.2842
15.2842
15.274
15.2791
15.2689
15.2689
15.2689
15.2638
15.2536
15.2638
15.2587
15.2587
15.2485
15.2485
15.2536
15.2485
15.2434
15.2485
15.2383
15.2434
15.2332
15.2383
15.2332
15.223
15.223
15.2281
15.2281
15.223
15.223
15.2179
15.2128
15.2179
15.2077
15.2179
15.2026
15.2077
15.2077
15.2026
15.2026
15.1924
15.1975
15.1975
15.1975
15.1975
15.1924
15.1873
15.1873
15.1873
15.1873
15.1873
15.1924
15.1771
15.1771
15.1771
15.1822
15.172
15.172
15.172
15.172
15.1669
15.172
15.1618
15.172
15.1618
15.1618
15.1618
15.1567
15.1669
15.1618
15.1567
15.1618
15.1516
15.1618
15.1567
15.1516
15.1516
15.1516
15.1516
15.1465
15.1465
15.1465
15.1465
15.1363
15.1414
15.1363
15.1414
15.1414
15.1363
15.1312
15.1414
15.1312
15.1312
15.1312
15.1312
15.1312
15.1312
15.1261
15.1312
15.1261
15.1261
15.1261
15.1261
15.1312
15.1261
15.1261
15.1261
15.1261
15.1312
15.1312
15.1261
15.1261
15.1312
15.1261
15.1312
15.1261
15.1312
15.1312
15.1363
15.1363
15.1312
15.1363
15.1414
15.1465
15.1465
15.1465
15.1465
15.1567
15.1618
15.1618
15.1669
15.172
15.1669
15.1771
15.1771
15.1873
15.1873
15.1975
15.1975
15.2077
15.2128
15.2179
15.2179
15.2281
15.2332
15.2434
15.2485
15.2587
15.2587
15.2689
15.274
15.2893
15.2842
15.3046
15.3046
15.3148
15.3199
15.3352
15.3352
15.3556
15.3556
15.3709
15.3709
15.3811
15.3913
15.4015
15.4117
15.4219
15.427
15.4321
15.4474
15.4576
15.4678
15.478
15.4831
15.4882
15.4984
15.5086
15.5239
15.5341
15.5341
15.5443
15.5596
15.5647
15.5698
15.58
15.5953
15.6004
15.6106
15.6208
15.6259
15.6463
15.6463
15.6514
15.6667
15.6718
15.6871
15.6871
15.7024
15.7075
15.7126
15.7279
15.733
15.7381
15.7534
15.7585
15.7636
15.7789
15.784
15.7891
15.7993
15.7993
15.8146
15.8248
15.8248
15.8401
15.8452
15.8503
15.8605
15.8707
15.8758
15.886
15.886
15.8962
15.9013
15.9115
15.9217
15.9268
15.9268
15.9421
15.9421
15.9523
15.9574
15.9625
15.9676
15.9829
15.9829
15.9931
15.9931
16.0033
16.0084
16.0237
16.0237
16.039
16.0339
16.0441
16.0441
16.0594
16.0594
16.0645
16.0696
16.0798
16.0849
16.09
16.1002
16.0951
16.1053
16.1104
16.1155
16.1155
16.1206
16.1257
16.1308
16.141
16.141
16.1512
16.1512
16.1512
16.1563
16.1614
16.1614
16.1665
16.1716
16.1767
16.1818
16.1767
16.192
16.1869
16.192
16.1971
16.1971
16.1971
16.2022
16.2022
16.2073
16.2073
16.2175
16.2073
16.2124
16.2124
16.2226
16.2124
16.2226
16.2175
16.2277
16.2277
16.2226
16.2277
16.2277
16.2277
16.2328
16.2328
16.2277
16.2328
16.2328
16.2328
16.2379
16.2328
16.2328
16.2379
16.2328
16.243
16.2328
16.2328
16.2379
16.2379
16.2328
16.2379
16.2277
16.2328
16.2277
16.2277
16.2328
16.2328
16.2277
16.2277
16.2277
16.2328
16.2226
16.2379
16.2226
16.2226
16.2226
16.2226
16.2124
16.2175
16.2175
16.2073
16.2124
16.2124
16.2073
16.2073
16.2022
16.2073
16.1971
16.192
16.1971
16.192
16.1971
16.1869
16.192
16.1818
16.1818
16.1767
16.1767
16.1716
16.1716
16.1665
16.1665
16.1665
16.1563
16.1512
16.1563
16.1461
16.1512
16.141
16.1461
16.1308
16.1308
16.1257
16.1308
16.1257
16.1206
16.1104
16.1104
16.1104
16.1053
16.1002
16.1002
16.09
16.09
16.0849
16.0798
16.0696
16.0696
16.0696
16.0696
16.0594
16.0594
16.0492
16.0441
16.0441
16.039
16.0339
16.0288
16.0288
16.0288
16.0186
16.0084
16.0033
15.9982
15.9982
15.9931
15.988
15.988
15.9829
15.9778
15.9727
15.9574
15.9625
15.9574
15.9574
15.9523
15.9472
15.9421
15.937
15.9319
15.9319
15.9268
15.9166
15.9115
15.9064
15.9013
15.9013
15.886
15.886
15.8911
15.8809
15.8758
15.8707
15.8605
15.8656
15.8503
15.8452
15.8452
15.835
15.8299
15.8299
15.8248
15.8197
15.8146
15.8044
15.8095
15.7993
15.7993
15.7942
15.784
15.7789
15.7789
15.7738
15.7738
15.7585
15.7687
15.7534
15.7534
15.7483
15.7432
15.733
15.733
15.7279
15.7279
15.7177
15.7126
15.7075
15.7075
15.6973
15.7024
15.6922
15.6871
15.682
15.682
15.6769
15.6616
15.6667
15.6616
15.6616
15.6565
15.6514
15.6463
15.6412
15.6361
15.6361
15.631
15.6259
15.6208
15.6208
15.6157
15.6157
15.6055
15.6106
15.5953
15.5953
15.5902
15.5902
15.5749
15.58
15.5749
15.5749
15.5749
15.5698
15.5647
15.5596
15.5596
15.5596
15.5443
15.5443
15.5443
15.5392
15.5392
15.5341
15.529
15.529
15.5188
15.5188
15.5188
15.5086
15.5035
15.4984
15.4984
15.5035
15.4933
15.4882
15.4882
15.4882
15.4831
15.478
15.4729
15.4678
15.4729
15.4627
15.4678
15.4576
15.4576
15.4525
15.4525
15.4474
15.4423
15.4321
15.4372
15.4321
15.4321
15.427
15.4219
15.4168
15.4168
15.4066
15.4117
15.4015
15.3964
15.3913
15.3964
15.3913
15.3811
15.3811
15.3811
15.376
15.376
15.376
15.3607
15.3607
15.3607
15.3607
15.3607
15.3556
15.3505
15.3505
15.3505
15.3505
15.3403
15.3403
15.3403
15.3403
15.3403
15.3352
15.3301
15.3301
15.325
15.325
15.325
15.3148
15.3199
15.3148
15.3148
15.3148
15.3097
15.3097
15.3046
15.3097
15.3046
15.3046
15.2893
15.2995
15.2944
15.2944
15.2944
15.2944
15.2842
15.2893
15.2842
15.2893
15.274
15.2791
15.2791
15.2791
15.2791
15.274
15.2689
15.2689
15.2689
15.2689
15.2689
15.2689
15.2638
15.2587
15.2587
15.2638
15.2587
15.2536
15.2587
15.2536
15.2536
15.2485
15.2485
15.2485
15.2485
15.2383
15.2485
15.2434
15.2485
15.2332
15.2434
15.2383
15.2383
15.2434
15.2332
15.2332
15.2332
15.2332
15.2281
15.223
15.2281
15.2281
15.2332
15.223
15.223
15.223
15.223
15.223
15.2179
15.2179
15.223
15.223
15.223
15.2179
15.2179
15.2179
15.2179
15.2128
15.2128
15.2077
15.2077
15.2077
15.2077
15.2077
15.2026
15.2077
15.2077
15.2077
15.2077
15.2077
15.1975
15.2026
15.1975
15.1975
15.2026
15.1975
15.1924
15.2026
15.1924
15.1975
15.1873
15.1924
15.1924
15.1975
15.1873
15.1924
15.1873
15.1873
15.1873
15.1873
15.1873
15.1822
15.1822
15.1822
15.1873
15.1822
15.1771
15.1771
15.1771
15.1771
15.1771
15.1771
15.172
15.1822
15.172
15.172
15.1771
15.1771
15.172
15.172
15.172
15.172
15.172
