11.1838	
11.1634	
11.1787	
11.1583	
11.1787	
11.1532	
11.1787	
11.1481	
11.1685	
11.1481	
11.1685	
11.1379	
11.1634	
11.1328	
11.1583	
11.1328	
11.1583	
11.1277	
11.143	
11.1124	
11.1328	
11.1073	
11.1277	
11.092	
11.1175	
11.092	
11.1073	
11.0869	
11.0971	
11.0767	
11.0869	
11.0716	
11.0767	
11.0665	
11.0614	
11.0563	
11.0563	
11.0512	
11.0512	
11.041	
11.0308	
11.0359	
11.0257	
11.0308	
11.0104	
11.0206	
11.0002	
11.0104	
10.9849	
11.0053	
10.9696	
10.99	
10.9594	
10.9798	
10.9543	
10.9696	
10.9441	
10.9594	
10.9339	
10.9543	
10.9186	
10.9441	
10.9084	
10.9339	
10.9033	
10.9237	
10.8931	
10.9135	
10.888	
10.9033	
10.8778	
10.8931	
10.8727	
10.8829	
10.8625	
10.8778	
10.8574	
10.8676	
10.8523	
10.8574	
10.8472	
10.8421	
10.837	
10.837	
10.8217	
10.8115	
10.8217	
10.8013	
10.8064	
10.7962	
10.7962	
10.7809	
10.786	
10.7656	
10.786	
10.7605	
10.7758	
10.7452	
10.7656	
10.7401	
10.7554	
10.7248	
10.7452	
10.7146	
10.7401	
10.7095	
10.7299	
10.7044	
10.7197	
10.6891	
10.7146	
10.6789	
10.6993	
10.6687	
10.6891	
10.6636	
10.6738	
10.6534	
10.6687	
10.6483	
10.6585	
10.6432	
10.6534	
10.6381	
10.633	
10.6228	
10.6279	
10.6228	
10.6177	
10.6177	
10.6075	
10.6126	
10.5973	
10.5973	
10.5871	
10.5973	
10.5769	
10.5871	
10.5667	
10.5871	
10.5565	
10.5718	
10.5463	
10.5667	
10.5412	
10.5616	
10.5259	
10.5463	
10.5157	
10.5412	
10.5106	
10.531	
10.5004	
10.5259	
10.4953	
10.5208	
10.4902	
10.5055	
10.4851	
10.5055	
10.48	
10.5004	
10.4749	
10.4851	
10.4647	
10.48	
10.4698	
10.4698	
10.4698	
10.4647	
10.4596	
10.4596	
10.4494	
10.4494	
10.4494	
10.4443	
10.4443	
10.4341	
10.4341	
10.4239	
10.4341	
10.4188	
10.4341	
10.4086	
10.4239	
10.4086	
10.4188	
10.3984	
10.4137	
10.3933	
10.4137	
10.3831	
10.4086	
10.378	
10.4035	
10.3729	
10.3984	
10.3678	
10.3984	
10.3678	
10.3882	
10.3627	
10.3882	
10.3627	
10.3729	
10.3525	
10.378	
10.3525	
10.3678	
10.3525	
10.3576	
10.3423	
10.3525	
10.3372	
10.3525	
10.3321	
10.3372	
10.3372	
10.3372	
10.3372	
10.327	
10.3321	
10.3219	
10.327	
10.3219	
10.327	
10.3168	
10.3219	
10.3066	
10.3219	
10.3066	
10.3219	
10.2964	
10.3219	
10.2964	
10.3168	
10.2862	
10.3117	
10.2862	
10.3117	
10.2811	
10.3066	
10.276	
10.3015	
10.276	
10.2964	
10.276	
10.3015	
10.2709	
10.2913	
10.2709	
10.2964	
10.2658	
10.2811	
10.2709	
10.2811	
10.2709	
10.2811	
10.276	
10.2811	
10.2658	
10.2709	
10.2709	
10.2709	
10.2658	
10.2607	
10.2658	
10.2607	
10.2607	
10.2505	
10.2607	
10.2505	
10.2658	
10.2454	
10.2658	
10.2403	
10.2607	
10.2352	
10.2658	
10.2352	
10.2607	
10.2403	
10.2607	
10.2403	
10.2658	
10.2352	
10.2658	
10.2352	
10.2658	
10.2403	
10.2658	
10.2505	
10.2709	
10.2454	
10.2709	
10.2454	
10.276	
10.2505	
10.276	
10.2607	
10.276	
10.2709	
10.276	
10.2658	
10.2811	
10.276	
10.2811	
10.2811	
10.2862	
10.2913	
10.2913	
10.2964	
10.2913	
10.3015	
10.2964	
10.3117	
10.3015	
10.3168	
10.3066	
10.327	
10.3117	
10.3321	
10.3117	
10.3372	
10.3168	
10.3474	
10.327	
10.3525	
10.327	
10.3627	
10.3372	
10.3627	
10.3372	
10.3678	
10.3423	
10.3729	
10.3525	
10.378	
10.3525	
10.3831	
10.3627	
10.3831	
10.3678	
10.3933	
10.3729	
10.3933	
10.3831	
10.4035	
10.3882	
10.4035	
10.3984	
10.4137	
10.4086	
10.4188	
10.4188	
10.4137	
10.4239	
10.4137	
10.429	
10.4188	
10.429	
10.4188	
10.4341	
10.4239	
10.4392	
10.4239	
10.4443	
10.4239	
10.4494	
10.429	
10.4494	
10.4239	
10.4545	
10.429	
10.4596	
10.429	
10.4596	
10.4341	
10.4698	
10.4392	
10.4647	
10.4443	
10.4698	
10.4443	
10.4698	
10.4494	
10.4749	
10.4545	
10.4749	
10.4545	
10.4749	
10.4545	
10.4749	
10.4596	
10.4698	
10.4596	
10.4647	
10.4596	
10.4647	
10.4596	
10.4596	
10.4596	
10.4596	
10.4596	
10.4494	
10.4596	
10.4494	
10.4596	
10.4443	
10.4596	
10.4392	
10.4596	
10.4341	
10.4596	
10.4341	
10.4596	
10.4341	
10.4596	
10.429	
10.4545	
10.429	
10.4545	
10.429	
10.4494	
10.4239	
10.4494	
10.4188	
10.4494	
10.4188	
10.4443	
10.4188	
10.4443	
10.4188	
10.4392	
10.4137	
10.4341	
10.4188	
10.429	
10.4188	
10.429	
10.4137	
10.429	
10.4188	
10.4239	
10.4137	
10.4137	
10.4137	
10.4086	
10.4137	
10.4035	
10.4086	
10.3984	
10.4035	
10.3933	
10.4086	
10.378	
10.4035	
10.3729	
10.3984	
10.3729	
10.3882	
10.3627	
10.3882	
10.3627	
10.3882	
10.3576	
10.3882	
10.3525	
10.378	
10.3474	
10.378	
10.3474	
10.3729	
10.3423	
10.3678	
10.3474	
10.3627	
10.3423	
10.3576	
10.3372	
10.3576	
10.3372	
10.3525	
10.3372	
10.3474	
10.3372	
10.3423	
10.3321	
10.3372	
10.327	
10.327	
10.3321	
10.3219	
10.327	
10.3168	
10.327	
10.3168	
10.327	
10.3066	
10.3219	
10.3015	
10.3219	
10.3015	
10.3168	
10.2913	
10.3219	
10.2913	
10.3219	
10.2913	
10.3066	
10.2862	
10.3117	
10.2811	
10.3066	
10.276	
10.3015	
10.276	
10.2964	
10.2709	
10.2913	
10.2658	
10.2913	
10.2607	
10.2862	
10.2607	
10.2811	
10.2607	
10.2811	
10.2709	
10.276	
10.2607	
10.276	
10.2607	
10.2658	
10.2658	
10.2607	
10.2607	
10.2607	
10.2607	
10.2556	
10.2556	
10.2454	
10.2607	
10.2403	
10.2607	
10.2403	
10.2556	
10.2352	
10.2556	
10.2301	
10.2556	
10.225	
10.2505	
10.2301	
10.2505	
10.225	
10.2505	
10.225	
10.2454	
10.2199	
10.2454	
10.2199	
10.2454	
10.2148	
10.2403	
10.2148	
10.2454	
10.2148	
10.2403	
10.2148	
10.2352	
10.2199	
10.2301	
10.2097	
10.225	
10.2097	
10.2199	
10.2148	
10.2199	
10.2097	
10.2097	
10.2097	
10.2097	
10.2046	
10.1995	
10.2046	
10.1944	
10.2097	
10.1893	
10.2097	
10.1893	
10.2046	
10.1893	
10.2046	
10.1791	
10.2046	
10.1791	
10.2046	
10.1791	
10.1995	
10.174	
10.1995	
10.1689	
10.2046	
10.1638	
10.1944	
10.1689	
10.1944	
10.174	
10.1944	
10.1689	
10.1893	
10.1638	
10.1893	
10.1689	
10.1842	
10.1689	
10.1842	
10.1689	
10.1842	
10.1689	
10.1791	
10.174	
10.174	
10.1689	
10.174	
10.1689	
10.174	
10.174	
10.1638	
10.174	
10.1587	
10.1689	
10.1536	
10.1689	
10.1536	
10.1638	
10.1434	
10.1638	
10.1383	
10.1638	
10.1383	
10.1587	
10.1332	
10.1587	
10.1332	
10.1587	
10.1281	
10.1587	
10.1281	
10.1536	
10.1332	
10.1485	
10.1281	
10.1587	
10.1332	
10.1536	
10.1332	
10.1485	
10.1281	
10.1485	
10.1332	
10.1485	
10.1332	
10.1434	
10.1332	
10.1383	
10.1332	
10.1383	
10.1332	
10.1332	
10.1332	
10.1332	
10.1332	
10.123	
10.1332	
10.123	
10.1383	
10.123	
10.1332	
10.123	
10.1383	
10.1179	
10.1383	
10.1128	
10.1434	
10.1128	
10.1383	
10.1128	
10.1383	
10.1077	
10.1383	
10.1128	
10.1332	
10.1077	
10.1281	
10.1026	
10.1332	
10.1026	
10.1281	
10.0975	
10.123	
10.0975	
10.1179	
10.1026	
10.1179	
10.0975	
10.1128	
10.0975	
10.1128	
10.1077	
10.1179	
10.1026	
10.1128	
10.1026	
10.1077	
10.1026	
10.1026	
10.1077	
10.0975	
10.1077	
10.0975	
10.1026	
10.0924	
10.1026	
10.0873	
10.1077	
10.0873	
10.1026	
10.0873	
10.0975	
10.0873	
10.0975	
10.0771	
10.1026	
10.0873	
10.1026	
10.0822	
10.0975	
10.0873	
10.1026	
10.0771	
10.1026	
10.0822	
10.0975	
10.0873	
10.0975	
10.0873	
10.0975	
10.0822	
10.0975	
10.0822	
10.0975	
10.0822	
10.0975	
10.0822	
10.0924	
10.0771	
10.0924	
10.0822	
10.0822	
10.0771	
10.0822	
10.0822	
10.0771	
10.0771	
10.0771	
10.0822	
10.0771	
10.0873	
10.0771	
10.0873	
10.0669	
10.0822	
10.072	
10.0873	
10.0669	
10.0873	
10.072	
10.0924	
10.0669	
10.0822	
10.0669	
10.0873	
10.0669	
10.0873	
10.0669	
10.0924	
10.0618	
10.0873	
10.072	
10.0924	
10.0669	
10.0924	
10.072	
10.0924	
10.0669	
10.0924	
10.0771	
10.0924	
10.0822	
10.0924	
10.0822	
10.0975	
10.0873	
10.0924	
10.0924	
10.0924	
10.0975	
10.0873	
10.1026	
10.0924	
10.1026	
10.0873	
10.1077	
10.0975	
10.1128	
10.0975	
10.123	
10.1026	
10.1332	
10.1128	
10.1434	
10.1179	
10.1485	
10.1332	
10.1638	
10.1434	
10.174	
10.1536	
10.1893	
10.1689	
10.2046	
10.1842	
10.2148	
10.2046	
10.2352	
10.2199	
10.2505	
10.2352	
10.2658	
10.2556	
10.2862	
10.2862	
10.3066	
10.3015	
10.327	
10.3321	
10.3525	
10.3576	
10.3678	
10.3831	
10.3933	
10.4086	
10.4188	
10.4392	
10.4443	
10.4647	
10.4698	
10.5004	
10.4953	
10.5259	
10.5259	
10.5616	
10.5514	
10.5871	
10.582	
10.6126	
10.6075	
10.6432	
10.6381	
10.6789	
10.6636	
10.7044	
10.6942	
10.7401	
10.7299	
10.7656	
10.7605	
10.8013	
10.7962	
10.837	
10.8268	
10.8625	
10.8574	
10.8931	
10.8931	
10.9237	
10.9237	
10.9543	
10.9543	
10.9849	
10.99	
11.0104	
11.0206	
11.0359	
11.0563	
11.0665	
11.0818	
11.0971	
11.1175	
11.1226	
11.1481	
11.143	
11.1736	
11.1736	
11.2042	
11.1991	
11.2297	
11.2195	
11.2552	
11.245	
11.2807	
11.2705	
11.3113	
11.2909	
11.3266	
11.3164	
11.3521	
11.3317	
11.3674	
11.3572	
11.3878	
11.3776	
11.398	
11.3878	
11.4235	
11.4082	
11.4388	
11.4286	
11.449	
11.4439	
11.4694	
11.4643	
11.4847	
11.4745	
11.4949	
11.4898	
11.5102	
11.5051	
11.5153	
11.5153	
11.5204	
11.5306	
11.5306	
11.5408	
11.5357	
11.551	
11.5459	
11.5663	
11.5561	
11.5714	
11.5612	
11.5867	
11.5663	
11.5918	
11.5714	
11.5969	
11.5765	
11.602	
11.5816	
11.6071	
11.5867	
11.6122	
11.5867	
11.6173	
11.5969	
11.6173	
11.5918	
11.6173	
11.5969	
11.6224	
11.5969	
11.6224	
11.602	
11.6224	
11.6071	
11.6173	
11.5918	
11.6122	
11.5969	
11.6071	
11.602	
11.6071	
11.5969	
11.602	
11.5969	
11.602	
11.602	
11.5918	
11.602	
11.5969	
11.602	
11.5918	
11.602	
11.5918	
11.602	
11.5867	
11.6071	
11.5816	
11.6122	
11.5816	
11.6071	
11.5867	
11.6071	
11.5816	
11.602	
11.5867	
11.6071	
11.5816	
11.6122	
11.5816	
11.602	
11.5816	
11.6071	
11.5816	
11.6122	
11.5918	
11.6122	
11.5969	
11.6122	
11.602	
11.6224	
11.6122	
11.6275	
11.6173	
11.6326	
11.6275	
11.6428	
11.6377	
11.653	1
11.653	
11.6581	
11.6632	
11.6683	
11.6836	
11.6734	
11.6938	
11.6887	
11.7091	
11.7091	
11.7346	
11.7244	
11.755	
11.7499	
11.7805	
11.7703	
11.8009	
11.7958	
11.8264	
11.8162	
11.857	
11.8468	
11.8825	
11.8825	
11.9182	
11.9131	
11.9488	
11.9386	
11.9692	
11.9692	
12.0049	
11.9998	
12.0253	
12.0253	
12.0559	
12.0559	
12.0916	
12.0865	
12.1171	
12.1171	
12.1426	
12.1477	
12.1681	
12.1783	
12.1987	
12.2089	
12.2242	
12.2395	
12.2497	
12.265	
12.2752	
12.2956	
12.3007	
12.316	
12.316	
12.3517	
12.3517	
12.3721	
12.367	
12.3874	
12.3823	
12.4078	
12.3925	
12.4231	
12.4078	
12.4333	
12.4231	
12.4486	
12.4384	
12.4588	
12.4486	
12.4792	
12.4639	
12.4945	
12.4792	
12.5098	
12.4945	
12.52	
12.5047	
12.5353	
12.52	
12.5404	
12.5251	
12.5455	
12.5404	
12.5506	
12.5404	
12.5608	
12.5557	
12.5608	
12.5608	
12.5608	
12.571	
12.571	
12.5761	
12.5761	
12.5863	
12.571	
12.5863	
12.5761	
12.5965	
12.5761	
12.5914	
12.5812	
12.5965	
12.5812	
12.6016	
12.5812	
12.6067	
12.5812	
12.6016	
12.5863	
12.6016	
12.5812	
12.6067	
12.5812	
12.6067	
12.5761	
12.5965	
12.5761	
12.5965	
12.5761	
12.5914	
12.571	
12.5914	
12.571	
12.5863	
12.5761	
12.5863	
12.5761	
12.5863	
12.5812	
12.5914	
12.5812	
12.5863	
12.5812	
12.5863	
12.5812	
12.5812	
12.5863	
12.5812	
12.5863	
12.5761	
12.5914	
12.5761	
12.5863	
12.5761	
12.5965	
12.5863	
12.6016	
12.5965	
12.6118	
12.5965	
12.622	
12.6067	
12.6271	
12.6169	
12.6424	
12.6322	
12.6628	
12.6424	
12.6832	
12.6628	
12.6934	
12.6883	
12.7189	
12.7087	
12.7393	
12.7342	
12.7699	
12.7648	
12.7903	
12.7954	
12.8209	
12.8209	
12.8515	
12.8515	
12.8719	
12.8821	
12.9076	
12.9178	
12.928	
12.9484	
12.9637	
12.9841	
12.9994	
13.0198	
13.0249	
13.0555	
13.0606	
13.0912	
13.1014	
13.132	
13.132	
13.1677	
13.1677	
13.2085	
13.1983	
13.2391	
13.2391	
13.2799	
13.2799	
13.3207	
13.3105	
13.3513	
13.3462	
13.387	
13.3921	
13.4227	
13.4227	
13.4635	
13.4584	
13.4992	
13.489	
13.5349	
13.5349	
13.5706	
13.5859	
13.6165	
13.6165	
13.6522	
13.6624	
13.6828	
13.6981	
13.7236	
13.7287	
13.7491	
13.7644	
13.7848	
13.8001	
13.8154	
13.846	
13.8511	
13.8766	
13.8817	
13.9072	
13.9021	
13.9327	
13.9327	
13.9684	
13.9582	
13.9939	
13.9888	
14.0296	
14.0245	
14.0551	
14.0449	
14.0857	
14.0755	
14.1163	
14.1112	
14.1469	
14.1367	
14.1724	
14.1673	
14.203	
14.1928	
14.2387	
14.2234	
14.2591	
14.2591	
14.2795	
14.2897	
14.3152	
14.3203	
14.3509	
14.3509	
14.3713	
14.3764	
14.4019	
14.407	
14.4274	
14.4376	
14.4529	
14.4631	
14.4784	
14.5039	
14.509	
14.5294	
14.5396	
14.5651	
14.5702	
14.5957	
14.5855	
14.6263	
14.6212	
14.6518	
14.6518	
14.6824	
14.6773	
14.7181	
14.713	
14.7538	
14.7436	
14.7895	
14.7793	
14.8252	
14.815	
14.8558	
14.8456	
14.8864	
14.8813	
14.917	
14.917	
14.9476	
14.9476	
14.9833	
14.9884	
15.0241	
15.0241	
15.0547	
15.0649	
15.0904	
15.1006	
15.1261	
15.1363	
15.1669	
15.1771	
15.1924	
15.2179	
15.223	
15.2536	
15.2587	
15.2893	
15.2944	
15.325	
15.3301	
15.3607	
15.3709	
15.4015	
15.4015	
15.4372	
15.4372	
15.4729	
15.4678	
15.5086	
15.5035	
15.5392	
15.5341	
15.5698	
15.5647	
15.6055	
15.5953	
15.6361	
15.631	
15.6718	
15.6616	
15.6973	
15.6973	
15.7228	
15.7228	
15.7585	
15.7534	
15.784	
15.784	
15.8095	
15.8197	
15.8401	
15.8452	
15.8656	
15.8707	
15.8962	
15.9064	
15.9064	
15.9166	
15.9268	
15.937	
15.9421	
15.9625	
15.9472	
15.9727	
15.9676	
15.988	
15.9727	
15.9931	
15.988	
16.0135	
15.9982	
16.0237	
16.0084	
16.0441	
16.0186	
16.0441	
16.0288	
16.0441	
16.0339	
16.0645	
16.0441	
16.0747	
16.0543	
16.0798	
16.0645	
16.09	
16.0747	
16.1002	
16.09	
16.1002	
16.09	
16.1053	
16.0951	
16.1104	
16.1002	
16.1155	
16.1104	
16.1206	
16.1104	
16.1206	
16.1257	
16.1308	
16.1308	
16.1257	
16.1206	
16.1206	
16.1206	
16.1104	
16.1206	
16.1104	
16.1104	
16.0951	
16.1104	
16.0951	
16.1104	
16.0849	
16.1053	
16.0798	
16.1002	
16.0696	
16.0849	
16.0594	
16.0798	
16.0492	
16.0696	
16.039	
16.0594	
16.0339	
16.0594	
16.039	
16.0492	
16.0339	
16.0492	
16.0288	
16.0492	
16.0339	
16.0441	
16.0339	
16.0543	
16.0441	
16.0696	
16.0594	
16.0696	
16.0696	
16.0798	
16.0849	
16.09	
16.0951	
16.1002	
16.1155	
16.1257	
16.141	
16.141	
16.1665	
16.1716	
16.1971	
16.1971	
16.2277	
16.2379	
16.2685	
16.2685	
16.3144	
16.3144	
16.3552	
16.3603	
16.4062	
16.4062	
16.4062	
16.4062	
16.4062	
16.4062	
16.4062	
16.4062	
16.4062	
16.9196	
16.9559	
16.9559	
17.0285	
17.0285	
17.0648	
17.0648	
17.1011	
17.1737	
17.21	
17.21	
17.2463	
17.2826	
17.3189	
17.3552	
17.3552	
17.3915	
17.4278	
17.4641	
17.5004	
17.5367	
17.5367	
17.6093	
17.6456	
17.6819	
17.6819	
17.7182	
17.7545	
17.7908	
17.8271	
17.8634	
17.8634	
17.8997	
17.936	
17.9723	
18.0086	
18.0086	
18.0449	
18.1175	
18.0812	
18.1538	
18.1538	
18.2264	
18.2264	
18.2627	
18.2627	
18.3353	
18.3353	
18.3716	
18.3716	
18.4079	
18.4442	
18.4442	
18.4805	
18.5168	
18.5168	
18.5531	
18.5531	
18.5894	
18.6257	
18.662	
18.662	
18.6983	
18.7346	
18.7346	
18.7709	
18.7709	
18.8072	
18.8072	
18.8798	
18.8435	
18.8798	
18.8798	
18.9161	
18.9161	
18.9887	
18.9524	
18.9887	
19.025	
19.025	
19.025	
19.0613	
19.0613	
19.0976	
19.0976	
19.1339	
19.1339	
19.1702	
19.1702	
19.2065	
19.1702	
19.2428	
19.2065	
19.2428	
19.2791	
19.2791	
19.2791	
19.3154	
19.3154	
19.3517	
19.3154	
19.3154	
19.3517	
19.388	
19.3517	
19.388	
19.4243	
19.4243	
19.4243	
19.4243	
19.4606	
19.4606	
19.4969	
19.4606	
19.4969	
19.4969	
19.4969	
19.4969	
19.5332	
19.5332	
19.5695	
19.5332	
19.5695	
19.5695	
19.6058	
19.5695	
19.6058	
19.5695	
19.6058	
19.5695	
19.6058	
19.5695	
19.6058	
19.5695	
19.6058	
19.6058	
19.6421	
19.6421	
19.6421	
19.6058	
19.6421	
19.6058	
19.6421	
19.6058	
19.6421	
19.6421	
19.6421	
19.6421	
19.6421	
19.6058	
19.6058	
19.6058	
19.6058	
19.6058	
19.6058	
19.6058	
19.6058	
19.5695	
19.6058	
19.5695	
19.5695	1
19.5695	
19.5695	
19.5695	
19.5332	
19.5695	
19.5332	
19.5332	
19.5332	
19.5332	
19.4969	
19.5332	
19.4606	
19.4969	
19.4606	
19.4606	
19.4243	
19.4606	
19.4243	
19.4243	
19.388	
19.4243	
19.388	
19.388	
19.3517	
19.3517	
19.3517	
19.3154	
19.3154	
19.3154	
19.2791	
19.2428	
19.2791	
19.2065	
19.2065	
19.2065	
19.1702	
19.1702	
19.1339	
19.1339	
19.1339	
19.0976	
19.0976	
19.0613	
19.0613	
19.025	
19.0613	
18.9887	
18.9887	
18.9887	
18.9524	
18.9524	
18.9161	
18.9161	
18.9161	
18.8798	
18.8798	
18.8435	
18.8435	
18.8072	
18.8072	
18.7709	
18.7709	
18.7346	
18.7346	
18.6983	
18.6983	
18.6983	
18.6983	
18.662	
18.6257	
18.6257	
18.6257	
18.5894	
18.5894	
18.5531	
18.5531	
18.5168	
18.5168	
18.5168	
18.4805	
18.4805	
18.4442	
18.4442	
18.4079	
18.4079	
18.3716	
18.3716	
18.3353	
18.3353	
18.299	
18.299	
18.2627	
18.2627	
18.2627	
18.2264	
18.1901	
18.2264	
18.1901	
18.1901	
18.1175	
18.1538	
18.1175	
18.1175	
18.0812	
18.0812	
18.0449	
18.0812	
18.0449	
18.0449	
18.0086	
17.9723	
17.9723	
17.9723	
17.9723	
17.9723	
17.8997	
17.936	
17.8997	
17.8997	
17.8634	
17.8634	
17.8271	
17.8634	
17.8271	
17.7908	
17.7908	
17.7908	
17.7545	
17.7545	
17.7545	
17.7182	
17.6819	
17.6819	
17.6819	
17.6456	
17.6819	
17.6456	
17.6456	
17.6093	
17.6093	
17.573	
17.6093	
17.573	
17.573	
17.5367	
17.5367	
17.5004	
17.5004	
17.4641	
17.4641	
17.4641	
17.4641	
17.4278	
17.4278	
17.4278	
17.3915	
17.3552	
17.3915	
17.3552	
17.3552	
17.3189	
17.3552	
17.3189	
17.3189	
17.2826	
17.2826	
17.2826	
17.2826	
17.2463	
17.2463	
17.2463	
17.2463	
17.21	
17.21	
17.1737	
17.1737	
17.1737	
17.1374	
17.1737	
17.1374	
17.1374	
17.1011	
17.1011	
17.1011	
17.1011	
17.1011	
17.1011	
17.0285	
17.0648	
17.0648	
17.0648	
17.0285	
17.0285	
16.9922	
17.0285	
16.9559	
16.9922	
16.9559	
16.9559	
16.9559	
16.9922	
16.9559	
16.9559	
16.9196	
16.9559	
16.9196	
16.9196	
16.9196	
16.9196	
16.9196	
16.9196	
16.8833	
16.8833	
16.8833	
16.8833	
16.8833	
16.8833	
16.8833	
16.847	
16.847	
16.8833	
16.8833	
16.847	
16.847	
16.8833	
16.8833	
16.8833	
16.8833	
16.8833	
16.8833	
16.8833	
16.9196	
16.8833	
16.9196	
16.9196	
16.9559	
16.9196	
16.9559	
16.9196	
16.9559	
16.9559	
16.9922	
16.9922	
17.0285	
17.0285	
17.0648	
17.0648	
17.1011	
17.1011	
17.1374	
17.1374	
17.1737	
17.21	
17.2463	
17.2463	
17.2826	
17.3189	
17.3552	
17.3552	
17.3915	
17.4278	
17.4641	
17.4641	
17.5367	
17.5367	
17.573	
17.6093	
17.6456	
17.6819	
17.7182	
17.7545	
17.7908	
17.8271	
17.8634	
17.8997	
17.8997	
17.9723	
18.0086	
18.0449	
18.0812	
18.1175	
18.1175	
18.1538	
18.1901	
18.2264	
18.2627	
18.299	
18.3353	
18.3716	
18.3716	
18.4442	
18.4442	
18.4805	
18.5168	
18.5531	
18.5531	
18.5894	
18.5894	
18.6257	
18.6257	
18.662	
18.6983	
18.6983	
18.7346	
18.7709	
18.7709	
18.8072	
18.8072	
18.8072	
18.8435	
18.8435	
18.8798	
18.8798	
18.9161	
18.9161	
18.9161	
18.9161	
18.9524	
18.9524	
18.9887	
18.9524	
18.9887	
18.9887	
18.9524	
18.9887	
19.025	
18.9887	
19.025	
18.9887	
19.0613	
18.9887	
19.025	
19.025	
19.0613	
19.025	
19.0613	
19.025	
19.025	
19.025	
19.0613	
19.025	
19.0613	
19.025	
19.0613	
19.025	
19.025	
19.025	
19.025	
19.025	
19.025	
18.9887	
19.025	
18.9887	
18.9887	
18.9887	
18.9887	
18.9887	
18.9524	
18.9887	
18.9887	
18.9887	
18.9161	
18.9524	
18.9161	
18.9524	
18.9161	
18.8798	
18.9161	
18.8798	
18.8798	
18.8798	
18.8435	
18.8435	
18.8072	
18.8435	
18.8072	
18.8072	
18.7709	
18.8072	
18.7709	
18.7709	
18.7346	
18.7346	
18.6983	
18.7346	
18.6983	
18.6983	
18.662	
18.662	
18.6257	
18.6257	
18.6257	
18.6257	
18.5894	
18.5894	
18.5531	
18.5531	
18.5531	
18.4805	
18.5168	
18.4805	
18.4805	
18.4805	
18.4442	
18.4079	
18.4079	
18.3716	
18.4079	
18.3716	
18.3716	
18.3353	
18.3353	
18.299	
18.299	
18.2627	
18.2627	
18.2264	
18.2264	
18.2264	
18.2264	
18.1538	
18.1901	
18.1538	
18.1538	
18.1175	
18.1175	
18.0812	
18.0812	
18.0449	
18.0812	
18.0449	
18.0449	
18.0086	
18.0086	
17.9723	
17.9723	
17.936	
17.9723	
17.936	
17.936	
17.8997	
17.8997	
17.8997	
17.8634	
17.8634	
17.8634	
17.8271	
17.8271	
17.7908	
17.7908	
17.7908	
17.7545	
17.7545	
17.7182	
17.7545	
17.6819	
17.7182	
17.6819	
17.6819	
17.6456	
17.6456	
17.6456	
17.6456	
17.6093	
17.6093	
17.6093	
17.6093	
17.5367	
17.573	
17.5367	
17.5367	
17.5004	
17.5367	
17.5004	
17.5004	
17.4641	
17.5004	
17.4641	
17.4641	
17.4641	
17.4641	
17.4278	
17.4278	
17.3915	
17.4278	
17.3915	
17.3915	
17.3552	
17.3552	
17.3552	
17.3552	
17.3189	
17.3189	
17.3189	
17.3189	
17.2826	
17.2826	
17.2826	
17.2826	
17.2826	
17.2463	
17.2463	
17.2463	
17.2463	
17.21	
17.21	
17.1737	
17.21	
17.1737	
17.21	
17.1737	
17.1737	
17.1374	
17.1737	
17.1374	
17.1374	
17.1011	
17.1374	
17.1011	
17.1374	
17.1011	
17.1011	
17.0648	
17.1011	
17.0648	
17.0648	
17.0285	
17.0648	
17.0285	
17.0285	
17.0285	
17.0285	
17.0285	
17.0285	
17.0285	
16.9922	
16.9922	
16.9922	
16.9922	
16.9559	
16.9559	
16.9559	
16.9559	
16.9559	
16.9559	
16.9559	
16.9559	
16.9196	
16.9559	
16.9196	
16.9196	
16.9196	
16.9196	
16.8833	
16.9196	
16.8833	
16.9196	
16.8833	
16.8833	
16.8833	
16.8833	
16.847	
16.8833	
16.8107	
16.8833	
16.847	
16.847	
16.847	
16.8833	
16.847	
16.8833	
16.847	
16.847	
16.847	1
16.847	
16.847	
16.847	
16.847	
16.8833	
16.8833	
16.847	
16.8833	
16.8833	
16.8833	
16.8833	
16.8833	
16.8833	
16.9196	
16.9196	
16.9196	
16.9196	
16.9559	
16.9559	
16.9922	
16.9559	
17.0285	
17.0285	
17.0648	
17.0285	
17.0648	
17.0648	
17.1011	
17.1011	
17.1737	
17.1374	
17.21	
17.1737	
17.21	
17.2463	
17.2826	
17.2826	
17.3189	
17.3189	
17.3552	
17.3552	
17.4278	
17.4278	
17.4641	
17.4641	
17.5004	
17.5367	
17.573	
17.573	
17.6093	
17.6456	
17.6819	
17.7182	
17.7182	
17.7545	
17.7545	
17.7908	
17.8271	
17.8634	
17.8634	
17.8997	
17.8997	
17.9723	
17.9723	
18.0086	
18.0086	
18.0449	
18.0449	
18.1175	
18.0812	
18.1538	
18.1538	
18.1901	
18.1901	
18.2264	
18.2264	
18.299	
18.2627	
18.299	
18.299	
18.3353	
18.3353	
18.3716	
18.3353	
18.4079	
18.3716	
18.4079	
18.4079	
18.4442	
18.4442	
18.4805	
18.4442	
18.5168	
18.4805	
18.5168	
18.5168	
18.5168	
18.5168	
18.5531	
18.5531	
18.5894	
18.5894	
18.5894	
18.5894	
18.6257	
18.6257	
18.6257	
18.662	
18.6257	
18.662	
18.6257	
18.6983	
18.662	
18.6983	
18.6983	
18.7346	
18.7346	
18.7346	
18.6983	
18.7709	
18.7346	
18.7709	
18.7709	
18.8072	
18.7709	
18.8072	
18.8072	
18.8435	
18.8435	
18.8435	
18.8435	
18.8798	
18.8798	
18.8798	
18.8798	
18.9161	
18.9161	
18.9524	
18.9161	
18.9524	
18.9524	
18.9524	
18.9524	
18.9887	
18.9887	
18.9887	
19.025	
19.025	
19.025	
19.025	
19.025	
19.025	
19.0613	
19.0613	
19.0613	
19.0613	
19.0613	
19.0613	
19.0976	
19.0613	
19.0976	
19.0613	
19.0976	
19.0976	
19.1339	
19.0613	
19.0976	
19.0976	
19.1339	
19.0976	
19.1339	
19.0613	
19.1339	
19.0976	
19.1339	
19.0976	
19.1339	
19.0976	
19.0976	
19.0613	
19.1339	
19.0613	
19.0976	
19.0976	
19.0976	
19.0976	
19.0976	
19.0976	
19.0613	
19.0613	
19.0613	
19.0613	
19.025	
19.025	
19.0613	
19.0613	
19.025	
18.9887	
18.9887	
18.9887	
18.9887	
18.9887	
18.9887	
18.9887	
18.9524	
18.9887	
18.9524	
18.9524	
18.9161	
18.9524	
18.9161	
18.9161	
18.8798	
18.8798	
18.8435	
18.8798	
18.8435	
18.8435	
18.8072	
18.8072	
18.8072	
18.8072	
18.7709	
18.7709	
18.7709	
18.7346	
18.7346	
18.6983	
18.7346	
18.6983	
18.662	
18.662	
18.662	
18.662	
18.6257	
18.6257	
18.6257	
18.5894	
18.5894	
18.5894	
18.5531	
18.5168	
18.5531	
18.5168	
18.5168	
18.4805	
18.4805	
18.4805	
18.4805	
18.4442	
18.4442	
18.4079	
18.4079	
18.4079	
18.3716	
18.3716	
18.4079	
18.3353	
18.3353	
18.3353	
18.3353	
18.299	
18.299	
18.2627	
18.299	
18.2627	
18.299	
18.2627	
18.2627	
18.2627	
18.2627	
18.2264	
18.2264	
18.2264	
18.2264	
18.2264	
18.2264	
18.1901	
18.2264	
18.2264	
18.2264	
18.2264	
18.2264	
18.2264	
18.2264	
18.2264	
18.2264	
18.2264	
18.2264	
18.2264	
18.2264	
18.2627	
18.2627	
18.2627	
18.2627	
18.2627	
18.2627	
18.299	
18.299	
18.3353	
18.299	
18.3353	
18.299	
18.3716	
18.3353	
18.3716	
18.3716	
18.4079	
18.4079	
18.4079	
18.4079	
18.4442	
18.4442	
18.4805	
18.4442	
18.4805	
18.4805	
18.5168	
18.5168	
18.5531	
18.5168	
18.5531	
18.5531	
18.5894	
18.5894	
18.5531	
18.5894	
18.6257	
18.6257	
18.662	
18.662	
18.662	
18.662	
18.662	
18.6983	
18.6983	
18.6983	
18.6983	
18.7346	
18.6983	
18.7709	
18.6983	
18.7346	
18.7346	
18.8072	
18.7709	
18.7709	
18.7709	
18.8072	
18.7709	
18.8072	
18.7709	
18.8435	
18.8072	
18.8072	
18.8072	
18.8435	
18.8072	
18.8072	
18.8435	
18.8435	
18.8435	
18.8435	
18.8435	
18.8435	
18.8435	
18.8435	
18.8798	
18.8435	
18.8435	
18.8435	
18.8798	
18.8798	
18.8798	
18.8798	
18.8435	
18.8435	
18.8435	
18.8435	
18.8798	
18.8798	
18.8435	
18.8435	
18.8435	
18.8435	
18.8435	
18.8435	
18.8435	
18.8435	
18.8435	
18.8072	
18.8435	
18.8072	
18.8435	
18.8072	
18.8072	
18.7709	
18.8072	
18.7709	
18.8072	
18.7346	
18.7709	
18.7709	
18.7346	
18.7346	
18.7346	
18.7346	
18.7346	
18.6983	
18.7346	
18.6983	
18.6983	
18.6983	
18.6983	
18.6983	
18.662	
18.6257	
18.6257	
18.6257	
18.6257	
18.6257	
18.5894	
18.5894	
18.5894	
18.5894	
18.5531	
18.5894	
18.5168	
18.5531	
18.5168	
18.5168	
18.5168	
18.4805	
18.4805	
18.4805	
18.4442	
18.4805	
18.4079	
18.4079	
18.4079	
18.4079	
18.3716	
18.4079	
18.3716	
18.3716	
18.3353	
18.3716	
18.3353	
18.3353	
18.299	
18.299	
18.2627	
18.299	
18.2627	
18.2627	
18.1901	
18.2264	
18.1901	
18.1901	
18.1538	
18.1538	
18.1538	
18.1175	
18.1175	
18.0812	
18.0812	
18.0812	
18.0812	
18.0812	
18.0086	
18.0449	
18.0449	
18.0086	
18.0449	
17.9723	
17.9723	
17.9723	
17.9723	
17.936	
17.936	
17.8997	
17.936	
17.8634	
17.8997	
17.8634	
17.8634	
17.7908	
17.8271	
17.7908	
17.8271	
17.7908	
17.7545	
17.7545	
17.7545	
17.7182	
17.7182	
17.7182	
17.7182	
17.6819	
17.6819	
17.6819	
17.6456	
17.6093	
17.6456	
17.6093	
17.6093	
17.6093	
17.573	
17.5367	
17.5367	
17.5367	
17.5367	
17.5004	
17.5004	
17.4641	
17.4641	
17.4641	
17.4278	
17.4278	
17.3915	
17.4278	
17.3552	
17.3915	
17.3552	
17.3915	
17.3189	
17.3189	
17.3189	
17.3189	
17.2826	
17.2826	
17.2826	
17.2826	
17.2463	
17.2463	
17.2463	
17.2463	
17.21	
17.21	
17.1737	
17.21	
17.1737	
17.1737	
17.1737	
17.1374	
17.1374	
17.1374	
17.1374	
17.1374	
17.1011	
17.1011	
17.0648	
17.0648	
17.0648	
17.0648	
17.0648	
17.0285	
17.0285	
17.0285	
17.0285	
16.9922	
16.9922	
16.9559	
16.9922	
16.9922	
16.9922	
16.9559	
16.9922	
16.9196	
16.9559	
16.9196	
16.9559	
16.9196	1
16.9196	
16.9196	
16.9559	
16.8833	
16.9196	
16.8833	
16.9196	
16.8833	
16.8833	
16.8833	
16.9196	
16.8833	
16.9196	
16.8833	
16.8833	
16.8833	
16.8833	
16.8833	
16.9196	
16.8833	
16.8833	
16.8833	
16.8833	
16.8833	
16.8833	
16.8833	
16.8833	
16.8833	
16.8833	
16.8833	
16.847	
16.8833	
16.8833	
16.8833	
16.8833	
16.8833	
16.8833	
16.8833	
16.8833	
16.9196	
16.8833	
16.8833	
16.9196	
16.9196	
16.9196	
16.9196	
16.8833	
16.9196	
16.8833	
16.9196	
16.8833	
16.8833	
16.8833	
16.9196	
16.8833	
16.9196	
16.8833	
16.9196	
16.8833	
16.9196	
16.8833	
16.9196	
16.8833	
16.9196	
16.8833	
16.9196	
16.9196	
16.8833	
16.8833	
16.8833	
16.8833	
16.9196	
16.8833	
16.847	
16.8833	
16.8833	
16.8833	
16.847	
16.9196	
16.8833	
16.8833	
16.847	
16.8833	
16.847	
16.847	
16.847	
16.8833	
16.847	
16.847	
16.8107	
16.847	
16.847	
16.847	
16.8107	
16.847	
16.8107	
16.847	
16.8107	
16.847	
16.7744	
16.847	
16.7744	
16.8107	
16.8107	
16.8107	
16.7744	
16.7744	
16.7744	
16.8107	
16.7744	
16.7744	
16.7744	
16.7744	
16.7744	
16.7744	
16.7381	
16.7381	
16.7381	
16.7381	
16.7381	
16.7018	
16.7018	
16.7018	
16.7018	
16.7018	
16.6655	
16.6655	
16.7018	
16.6655	
16.6655	
16.6292	
16.6655	
16.6292	
16.6292	
16.6292	
16.6292	
16.5929	
16.6292	
16.5929	
16.6292	
16.5929	
16.6292	
16.5929	
16.5929	
16.5566	
16.5929	
16.5566	
16.5929	
16.5566	
16.5566	
16.5203	
16.5566	
16.5203	
16.5203	
16.5203	
16.5203	
16.5203	
16.5203	
16.5203	
16.5203	
16.5203	
16.5203	
16.5203	
16.484	
16.484	
16.484	
16.484	
16.484	
16.484	
16.484	
16.484	
16.484	
16.484	
16.4477	
16.484	
16.484	
16.484	
16.4477	
16.484	
16.484	
16.484	
16.4477	
16.484	
16.484	
16.484	
16.484	
16.5203	
16.484	
16.484	
16.484	
16.5203	
16.484	
16.5203	
16.5203	
16.5203	
16.5203	
16.5203	
16.5203	
16.5566	
16.5566	
16.5566	
16.5929	
16.5566	
16.5929	
16.5929	
16.5929	
16.5929	
16.5929	
16.5929	
16.6292	
16.6292	
16.6292	
16.6292	
16.6655	
16.6292	
16.7018	
16.6655	
16.7018	
16.6655	
16.7381	
16.7018	
16.7381	
16.7018	
16.7381	
16.7018	
16.7381	
16.7381	
16.7744	
16.7381	
16.7744	
16.7381	
16.8107	
16.7744	
16.8107	
16.7744	
16.8107	
16.8107	
16.8107	
16.8107	
16.847	
16.8107	
16.847	
16.847	
16.847	
16.847	
16.8833	
16.847	
16.8833	
16.8833	
16.8833	
16.8833	
16.8833	
16.8833	
16.8833	
16.9196	
16.8833	
16.9196	
16.9196	
16.9196	
16.9196	
16.9559	
16.9196	
16.9559	
16.9196	
16.9559	
16.9559	
16.9559	
16.9559	
16.9559	
16.9559	
16.9559	
16.9559	
16.9559	
16.9559	
16.9922	
16.9559	
16.9922	
16.9559	
16.9922	
16.9922	
16.9922	
16.9922	
17.0285	
16.9922	
17.0285	
16.9922	
17.0285	
16.9922	
17.0285	
16.9922	
17.0285	
16.9922	
17.0285	
17.0285	
16.9922	
17.0285	
17.0285	
17.0285	
17.0285	
17.0285	
17.0285	
17.0285	
17.0285	
17.0648	
17.0285	
17.0285	
17.0285	
17.0285	
17.0285	
17.0648	
17.0285	
17.0648	
17.0285	
17.0648	
17.0285	
17.0648	
17.0285	
17.0648	
17.0285	
17.0648	
17.0285	
17.0285	
17.0285	
17.0648	
17.0285	
17.0285	
17.0285	
17.0648	
17.0285	
17.0648	
16.9922	
17.0285	
17.0285	
17.0285	
17.0285	
17.0285	
17.0285	
17.0285	
17.0285	
16.9922	
17.0285	
16.9922	
17.0285	
17.0285	
17.0285	
16.9922	
16.9922	
16.9922	
16.9922	
16.9559	
16.9922	
16.9559	
16.9922	
16.9196	
16.9922	
16.9559	
16.9559	
16.9196	
16.9559	
16.9196	
16.9559	
16.9196	
16.9559	
16.9196	
16.9559	
16.9196	
16.9559	
16.9196	
16.9196	
16.8833	
16.9196	
16.8833	
16.9196	
16.8833	
16.9196	
16.8833	
16.8833	
16.847	
16.8833	
16.847	
16.8833	
16.847	
16.8833	
16.8833	
16.847	
16.847	
16.847	
16.847	
16.847	
16.8107	
16.847	
16.847	
16.8107	
16.8107	
16.8107	
16.8107	
16.8107	
16.8107	
16.7744	
16.8107	
16.7744	
16.8107	
16.7744	
16.7744	
16.7744	
16.7744	
16.7381	
16.7744	
16.7381	
16.7744	
16.7381	
16.7744	
16.7381	
16.7744	
16.7018	
16.7381	
16.7018	
16.7381	
16.7018	
16.7018	
16.7018	
16.6655	
16.6655	
16.7018	
16.6655	
16.6655	
16.6655	
16.6655	
16.6655	
16.6655	
16.6292	
16.6292	
16.6292	
16.6292	
16.6292	
16.6292	
16.6292	
16.5929	
16.6292	
16.5929	
16.5929	
16.5929	
16.5929	
16.5566	
16.5929	
16.5566	
16.5566	
16.5566	
16.5566	
16.5203	
16.5566	
16.5203	
16.5203	
16.484	
16.5203	
16.484	
16.5203	
16.484	
16.484	
16.484	
16.484	
16.4477	
16.484	
16.4477	
16.484	
16.4477	
16.4477	
16.4114	
16.4114	
16.4114	
16.4114	
16.4114	
16.3751	
16.4114	
16.3751	
16.3751	
16.3751	
16.3751	
16.3751	
16.3751	
16.3388	
16.3388	
16.3388	
16.3388	
16.3388	
16.3388	
16.3025	
16.3388	
16.3025	
16.3025	
16.3025	
16.3025	
16.3025	
16.3025	
16.2662	
16.3025	
16.2662	
16.3025	
16.2662	
16.2662	
16.2299	
16.2662	
16.2299	
16.2662	
16.2299	
16.2299	
16.2299	
16.2662	
16.2299	
16.2299	
16.1936	
16.2299	
16.2299	
16.2299	
16.2299	
16.2299	
16.2299	
16.1936	
16.2299	
16.2299	
16.1936	
16.1936	
16.1936	
16.1936	
16.1936	
16.1936	
16.1936	
16.1936	
16.1936	
16.1936	
16.1936	
16.1936	
16.1936	
16.1936	
16.1936	
16.1936	
16.1936	
16.1573	
16.1936	
16.1936	
16.1936	
16.1936	
16.1936	
16.1936	
16.1936	
16.1936	
16.2299	
16.1936	
16.2299	
16.1936	
16.1936	
16.2299	
16.2299	
16.1936	
16.2299	
16.2299	
16.2662	
16.2299	
16.2662	
16.2299	
16.2662	
16.2662	
16.2662	
16.2662	
16.3025	
16.3025	
16.3025	
16.3025	
16.3025	
16.3025	
16.3025	
16.3388	
16.3388	
16.3388	
16.3751	1
16.3751	
16.3751	
16.3751	
16.3751	
16.3751	
16.3751	
16.4114	
16.3751	
16.4477	
16.4114	
16.4477	
16.4114	
16.4477	
16.4477	
16.4477	
16.4477	
16.484	
16.4477	
16.484	
16.4477	
16.484	
16.484	
16.484	
16.484	
16.5203	
16.484	
16.5203	
16.484	
16.5203	
16.5203	
16.5203	
16.5203	
16.5203	
16.5203	
16.5203	
16.5203	
16.5203	
16.5203	
16.5203	
16.5203	
16.5203	
16.5203	
16.5203	
16.5566	
16.5203	
16.5566	
16.5203	
16.5566	
16.5203	
16.5566	
16.5203	
16.5566	
16.5203	
16.5203	
16.5203	
16.5566	
16.5203	
16.5203	
16.5203	
16.5203	
16.484	
16.5203	
16.5203	
16.5203	
16.484	
16.5203	
16.484	
16.5203	
16.484	
16.5203	
16.484	
16.484	
16.484	
16.484	
16.4477	
16.484	
16.484	
16.484	
16.4477	
16.4477	
16.4477	
16.4477	
16.4477	
16.4477	
16.4477	
16.4114	
16.4114	
16.4114	
16.4114	
16.3751	
16.4114	
16.3751	
16.3751	
16.3751	
16.3751	
16.3388	
16.3751	
16.3388	
16.3751	
16.3388	
16.3751	
16.3025	
16.3388	
16.3388	
16.3388	
16.3025	
16.3388	
16.3025	
16.3025	
16.2662	
16.3025	
16.2662	
16.2662	
16.2662	
16.2662	
16.2662	
16.2662	
16.2299	
16.2299	
16.2299	
16.2299	
16.2299	
16.1936	
16.1936	
16.1936	
16.1936	
16.1936	
16.1936	
16.1936	
16.1573	
16.1573	
16.1573	
16.1573	
16.1573	
16.1573	
16.121	
16.121	
16.121	
16.0847	
16.121	
16.0847	
16.121	
16.0847	
16.0847	
16.0847	
16.0847	
16.0484	
16.0847	
16.0121	
16.0484	
16.0121	
16.0484	
16.0121	
16.0484	
15.9758	
16.0121	
15.9758	
16.0121	
15.9758	
15.9758	
15.9758	
15.9758	
15.9758	
15.9758	
15.9395	
15.9395	
15.9395	
15.9395	
15.9395	
15.9395	
15.9395	
15.9395	
15.9395	
15.9395	
15.9395	
15.9032	
15.9032	
15.9032	
15.9032	
15.9032	
15.9032	
15.9032	
15.9032	
15.8669	
15.9032	
15.8669	
15.9032	
15.8669	
15.9032	
15.8669	
15.9032	
15.8669	
15.8669	
15.8669	
15.9032	
15.8669	
15.8669	
15.8669	
15.9032	
15.8669	
15.9032	
15.8669	
15.9032	
15.8669	
15.9032	
15.8669	
15.9032	
15.9032	
15.9032	
15.9032	
15.9032	
15.9032	
15.9032	
15.9395	
15.9395	
15.9032	
15.9395	
15.9395	
15.9395	
15.9395	
15.9758	
15.9758	
15.9395	
15.9758	
15.9395	
16.0121	
16.0121	
16.0121	
15.9758	
16.0121	
16.0121	
16.0484	
16.0121	
16.0484	
16.0484	
16.0484	
16.0484	
16.0847	
16.0484	
16.0847	
16.0847	
16.0847	
16.0847	
16.121	
16.121	
16.121	
16.121	
16.1573	
16.121	
16.121	
16.121	
16.1573	
16.1573	
16.1936	
16.1573	
16.1936	
16.1573	
16.1936	
16.1936	
16.1936	
16.1936	
16.1936	
16.1936	
16.1936	
16.2299	
16.1936	
16.1936	
16.1936	
16.2299	
16.2299	
16.2299	
16.2299	
16.2299	
16.2299	
16.2662	
16.2299	
16.2299	
16.2299	
16.2662	
16.2299	
16.2662	
16.1936	
16.2662	
16.2299	
16.2662	
16.2299	
16.2662	
16.2299	
16.2662	
16.2299	
16.2662	
16.2299	
16.2662	
16.2299	
16.2299	
16.2299	
16.2662	
16.2299	
16.2299	
16.2299	
16.2299	
16.2299	
16.2299	
16.2662	
16.2299	
16.2299	
16.2299	
16.2299	
16.1936	
16.2299	
16.1936	
16.2299	
16.2299	
16.1936	
16.1936	
16.1936	
16.1936	
16.1936	
16.1936	
16.1936	
16.1936	
16.1573	
16.1573	
16.1936	
16.121	
16.1573	
16.121	
16.1573	
16.121	
16.1573	
16.121	
16.121	
16.0847	
16.121	
16.0847	
16.0847	
16.0847	
16.121	
16.0484	
16.0847	
16.0847	
16.0847	
16.0484	
16.0484	
16.0484	
16.0484	
16.0121	
16.0484	
16.0484	
16.0121	
16.0121	
16.0121	
16.0121	
15.9758	
15.9758	
16.0121	
15.9758	
15.9758	
15.9758	
15.9758	
15.9758	
15.9395	
15.9395	
15.9395	
15.9395	
15.9032	
15.9395	
15.9032	
15.9032	
15.8669	
15.9032	
15.8669	
15.9032	
15.8669	
15.8669	
15.8306	
15.8669	
15.8306	
15.8669	
15.8306	
15.8306	
15.8306	
15.8306	
15.7943	
15.8306	
15.7943	
15.8306	
15.7943	
15.7943	
15.758	
15.758	
15.758	
15.758	
15.758	
15.758	
15.758	
15.758	
15.758	
15.4984	
15.4984	
15.4831	
15.4882	
15.4729	
15.478	
15.4627	
15.4678	
15.4525	
15.4627	
15.4423	
15.4474	
15.4168	
15.4372	
15.4117	
15.4321	
15.4015	
15.4168	
15.3862	
15.4066	
15.376	
15.4015	
15.376	
15.3913	
15.3505	
15.3811	
15.3505	
15.3658	
15.3403	
15.3607	
15.3352	
15.3505	
15.325	
15.3403	
15.3148	
15.3301	
15.3046	
15.325	
15.2995	
15.3097	
15.2944	
15.3046	
15.2893	
15.2893	
15.274	
15.2791	
15.274	
15.2689	
15.2638	
15.2536	
15.2536	
15.2434	
15.2434	
15.2332	
15.2434	
15.2179	
15.2332	
15.2128	
15.2332	
15.2026	
15.2281	
15.2026	
15.223	
15.1975	
15.2179	
15.1924	
15.2179	
15.1873	
15.2128	
15.1924	
15.2128	
15.1873	
15.2128	
15.1873	
15.2179	
15.1873	
15.2077	
15.1924	
15.2128	
15.1924	
15.2128	
15.1924	
15.223	
15.2077	
15.223	
15.223	
15.2332	
15.2281	
15.2383	
15.2383	
15.2536	
15.2485	
15.2536	
15.274	
15.274	
15.2893	
15.2893	
15.3046	
15.2995	
15.3301	
15.325	
15.3505	
15.3403	
15.3709	
15.3607	
15.4015	
15.3862	
15.4219	
15.4168	
15.4474	
15.4321	
15.478	
15.4627	
15.5035	
15.4984	
15.5341	
15.5239	
15.5647	
15.5545	
15.5953	
15.5902	
15.631	
15.631	
15.6616	
15.6616	
15.7024	
15.7024	
15.7381	
15.7381	
15.7687	
15.7738	
15.7993	
15.8044	
15.835	
15.8452	
15.8656	
15.8809	
15.8962	
15.9217	
15.9217	
15.9472	
15.9523	
15.9829	
15.988	
16.0135	
16.0084	
16.039	
16.0339	
16.0645	
16.0645	
16.0951	
16.0849	
16.1155	
16.1104	
16.1461	
16.1257	
16.1614	
16.1512	
16.1818	
16.1614	
16.1971	
16.1716	
16.2124	
16.192	
16.2175	
16.2073	
16.2328	
16.2073	
16.2379	
16.2124	
16.243	
16.2226	
16.2532	
16.2277	
16.243	1
16.2379	
16.2532	
16.2379	
16.2532	
16.2481	
16.2532	
16.2532	
16.2481	
16.2481	
16.243	
16.2532	
16.243	
16.2481	
16.2379	
16.2481	
16.2277	
16.2481	
16.2277	
16.2379	
16.2124	
16.2328	
16.2022	
16.2277	
16.1971	
16.2226	
16.1869	
16.2073	
16.1818	
16.192	
16.1614	
16.192	
16.1614	
16.1767	
16.1512	
16.1614	
16.1359	
16.1563	
16.1206	
16.1461	
16.1104	
16.1257	
16.1002	
16.1155	
16.0951	
16.0951	
16.0747	
16.0798	
16.0645	
16.0594	
16.0441	
16.0441	
16.0237	
16.0186	
16.0033	
15.9931	
15.9829	
15.9727	
15.9727	
15.9523	
15.9625	
15.9319	
15.9472	
15.9166	
15.9217	
15.9013	
15.9115	
15.8809	
15.8911	
15.8605	
15.8707	
15.8452	
15.8554	
15.8248	
15.8401	
15.8044	
15.8248	
15.784	
15.7942	
15.7687	
15.784	
15.7483	
15.7585	
15.7177	
15.7432	
15.7075	
15.7126	
15.6922	
15.6922	
15.6667	
15.6769	
15.6514	
15.6565	
15.631	
15.631	
15.6157	
15.6157	
15.6004	
15.5902	
15.58	
15.5647	
15.5596	
15.5443	
15.5443	
15.5239	
15.5239	
15.5035	
15.5137	
15.4831	
15.4882	
15.4576	
15.4678	
15.4423	
15.4576	
15.4168	
15.4372	
15.3964	
15.4117	
15.376	
15.3913	
15.3556	
15.3709	
15.3352	
15.3556	
15.325	
15.3352	
15.2944	
15.3199	
15.2842	
15.2995	
15.274	
15.274	
15.2536	
15.2638	
15.2434	
15.2485	
15.223	
15.2332	
15.2026	
15.2128	
15.1975	
15.1822	
15.1771	
15.1669	
15.1669	
15.1567	
15.1516	
15.1312	
15.1312	
15.1159	
15.121	
15.1006	
15.0955	
15.0802	
15.0955	
15.0598	
15.0802	
15.0394	
15.0649	
15.0292	
15.0496	
15.0241	
15.0394	
15.0037	
15.0241	
14.9935	
15.0139	
14.9833	
14.9986	
14.968	
14.9833	
14.9629	
14.9782	
14.9425	
14.9629	
14.9425	
14.9527	
14.9323	
14.9425	
14.9221	
14.9272	
14.9068	
14.9119	
14.9017	
14.9119	
14.8915	
14.8966	
14.8864	
14.8864	
14.8813	
14.8711	
14.8813	
14.8711	
14.8762	
14.8609	
14.8813	
14.8558	
14.866	
14.8456	
14.8711	
14.8456	
14.866	
14.8456	
14.866	
14.8405	
14.8558	
14.8354	
14.8609	
14.8354	
14.866	
14.8354	
14.866	
14.8303	
14.8558	
14.8354	
14.8609	
14.8354	
14.8558	
14.8354	
14.8609	
14.8405	
14.8507	
14.8405	
14.8609	
14.8456	
14.866	
14.8507	
14.8558	
14.8507	
14.8558	
14.8456	
14.8609	
14.8507	
14.8507	
14.8507	
14.8507	
14.8609	
14.8456	
14.8558	
14.8507	
14.8609	
14.8456	
14.8558	
14.8405	
14.8558	
14.8354	
14.8507	
14.8303	
14.8507	
14.8252	
14.8507	
14.8252	
14.8507	
14.8201	
14.8405	
14.8201	
14.8507	
14.8201	
14.8456	
14.815	
14.8405	
14.815	
14.8405	
14.8201	
14.8405	
14.815	
14.8354	
14.8201	
14.8405	
14.815	
14.8354	
14.8201	
14.8354	
14.8252	
14.8354	
14.8099	
14.8252	
14.8252	
14.8303	
14.8303	
14.8201	
14.8252	
14.815	
14.8303	
14.8252	
14.8303	
14.815	
14.8303	
14.815	
14.8354	
14.815	
14.8354	
14.815	
14.8354	
14.815	
14.8456	
14.8099	
14.8507	
14.815	
14.8456	
14.8252	
14.8507	
14.8252	
14.8507	
14.8201	
14.8558	
14.8252	
14.8456	
14.8252	
14.8507	
14.8252	
14.8558	
14.8201	
14.8456	
14.8354	
14.8456	
14.8405	
14.8405	
14.8354	
14.8456	
14.8405	
14.8507	
14.8456	
14.8405	
14.8405	
14.8405	
14.8456	
14.8405	
14.8456	
14.8354	
14.8456	
14.8303	
14.8507	
14.8303	
14.8456	
14.8303	
14.8456	
14.8252	
14.8456	
14.815	
14.8405	
14.8099	
14.8354	
14.815	
14.8405	
14.8099	
14.8303	
14.8048	
14.8354	
14.7997	
14.8201	
14.7946	
14.8201	
14.7946	
14.815	
14.7895	
14.8099	
14.7793	
14.7997	
14.7844	
14.7997	
14.7844	
14.7844	
14.7793	
14.7895	
14.7691	
14.7742	
14.764	
14.7691	
14.764	
14.7589	
14.7538	
14.7436	
14.7436	
14.7334	
14.7385	
14.7181	
14.7283	
14.713	
14.7283	
14.7028	
14.713	
14.6926	
14.7079	
14.6875	
14.7079	
14.6773	
14.6926	
14.6671	
14.6926	
14.6569	
14.6875	
14.6416	
14.6722	
14.6416	
14.6671	
14.6416	
14.6569	
14.6263	
14.6518	
14.6212	
14.6416	
14.6161	
14.6365	
14.6059	
14.6212	
14.6008	
14.6161	
14.6008	
14.6008	
14.5906	
14.5957	
14.5855	
14.5804	
14.5753	
14.5753	
14.5702	
14.5651	
14.5651	
14.5447	
14.5549	
14.5396	
14.5498	
14.5345	
14.5447	
14.5192	
14.5345	
14.5141	
14.5345	
14.4988	
14.5243	
14.4988	
14.5192	
14.4937	
14.5141	
14.4784	
14.5039	
14.4733	
14.4937	
14.4631	
14.4784	
14.458	
14.4733	
14.4427	
14.4682	
14.4376	
14.4529	
14.4325	
14.4478	
14.4274	
14.4427	
14.4223	
14.4427	
14.4172	
14.4223	
14.4172	
14.4121	
14.4019	
14.407	
14.4019	
14.4019	
14.3917	
14.3866	
14.3917	
14.3815	
14.3917	
14.3713	
14.3866	
14.3611	
14.3713	
14.3509	
14.3713	
14.3407	
14.356	
14.3356	
14.356	
14.3305	
14.3407	
14.3203	
14.3407	
14.3152	
14.3407	
14.3101	
14.3305	
14.2999	
14.3254	
14.2948	
14.3203	
14.2897	
14.3101	
14.2846	
14.305	
14.2846	
14.2948	
14.2744	
14.2897	
14.2744	
14.2846	
14.2693	
14.2846	
14.2591	
14.2693	
14.254	
14.2591	
14.2489	
14.254	
14.2438	
14.2438	
14.2438	
14.2234	
14.2336	
14.2234	
14.2336	
14.2132	
14.2285	
14.203	
14.2183	
14.1979	
14.2132	
14.1928	
14.2081	
14.1826	
14.203	
14.1775	
14.203	
14.1724	
14.1928	
14.1673	
14.1877	
14.1622	
14.1877	
14.1571	
14.1826	
14.1469	
14.1673	
14.1469	
14.1622	
14.1367	
14.1571	
14.1367	
14.152	
14.1265	
14.1418	
14.1316	
14.1418	
14.1316	
14.1316	
14.1214	
14.1265	
14.1214	
14.1214	
14.1163	
14.1112	
14.1112	
14.101	
14.1112	
14.101	
14.101	
14.0908	
14.101	
14.0755	
14.0959	
14.0704	
14.0806	
14.0602	
14.0806	
14.0551	
14.0806	
14.0449	
14.0755	
14.0449	
14.0704	
14.0449	
14.0602	
14.0398	1
14.0602	
14.0347	
14.0602	
14.0347	
14.0551	
14.0245	
14.05	
14.0245	
14.05	
14.0347	
14.0398	
14.0194	
14.0398	
14.0245	
14.0296	
14.0194	
14.0296	
14.0194	
14.0296	
14.0194	
14.0296	
14.0194	
14.0143	
14.0143	
14.0092	
14.0245	
14.0041	
14.0143	
14.0041	
14.0194	
13.999	
14.0245	
13.999	
14.0143	
13.999	
14.0143	
13.9939	
14.0143	
13.9939	
14.0143	
13.9939	
14.0194	
13.9888	
14.0143	
13.9888	
14.0194	
13.9837	
14.0092	
13.9837	
14.0092	
13.9888	
14.0041	
13.9837	
14.0041	
13.9837	
13.999	
13.9837	
13.9939	
13.9786	
13.9939	
13.9888	
13.999	
13.9837	
13.999	
13.9888	
13.9888	
13.9888	
13.9888	
13.9888	
13.9837	
13.9939	
13.9786	
13.9939	
13.9735	
13.9888	
13.9684	
13.9939	
13.9735	
13.9837	
13.9633	
13.9888	
13.9684	
13.9939	
13.9633	
13.9786	
13.948	
13.9786	
13.9531	
13.9786	
13.948	
13.9735	
13.948	
13.9684	
13.948	
13.9633	
13.9429	
13.9684	
13.9429	
13.9684	
13.9429	
13.9582	
13.948	
13.9582	
13.9429	
13.9582	
13.9429	
13.9582	
13.9378	
13.948	
13.9429	
13.9276	
13.9429	
13.9276	
13.9327	
13.9276	
13.9276	
13.9174	
13.9327	
13.9123	
13.9225	
13.9123	
13.9225	
13.897	
13.9225	
13.8919	
13.9225	
13.8919	
13.9123	
13.8868	
13.9174	
13.8868	
13.9072	
13.8766	
13.9021	
13.8766	
13.897	
13.8766	
13.897	
13.8715	
13.8919	
13.8664	
13.8919	
13.8664	
13.8766	
13.8613	
13.8817	
13.8664	
13.8766	
13.8562	
13.8664	
13.8562	
13.8613	
13.8562	
13.8562	
13.8511	
13.8511	
13.846	
13.846	
13.846	
13.8358	
13.846	
13.8358	
13.846	
13.8256	
13.8358	
13.8154	
13.8409	
13.8103	
13.8307	
13.8052	
13.8205	
13.8001	
13.8205	
13.8001	
13.8154	
13.7848	
13.8052	
13.7848	
13.8052	
13.7746	
13.8052	
13.7644	
13.795	
13.7644	
13.7899	
13.7542	
13.7848	
13.7542	
13.7797	
13.7593	
13.7695	
13.7542	
13.7695	
13.7542	
13.7644	
13.7491	
13.7542	
13.744	
13.7542	
13.744	
13.7491	
13.744	
13.7389	
13.7389	
13.7287	
13.7389	
13.7236	
13.7287	
13.7134	
13.7236	
13.7134	
13.7236	
13.693	
13.7185	
13.6981	
13.7134	
13.6981	
13.7185	
13.6879	
13.7134	
13.6777	
13.7134	
13.6777	
13.7032	
13.6777	
13.6981	
13.6777	
13.6981	
13.6675	
13.6879	
13.6624	
13.6828	
13.6675	
13.6777	
13.6675	
13.6726	
13.6573	
13.6726	
13.6522	
13.6624	
13.6522	
13.6573	
13.6522	
13.6522	
13.6471	
13.6471	
13.642	
13.642	
13.642	
13.6318	
13.6369	
13.6267	
13.6369	
13.6216	
13.6318	
13.6165	
13.6318	
13.6114	
13.6318	
13.6114	
13.6267	
13.6012	
13.6216	
13.6012	
13.6267	
13.5961	
13.6318	
13.591	
13.6216	
13.591	
13.6114	
13.5859	
13.6165	
13.591	
13.6165	
13.5859	
13.6063	
13.591	
13.6012	
13.5808	
13.6063	
13.5808	
13.5961	
13.5808	
13.5961	
13.5859	
13.5859	
13.5808	
13.5859	
13.5808	
13.5859	
13.5808	
13.5757	
13.5757	
13.5706	
13.5757	
13.5655	
13.5706	
13.5502	
13.5655	
13.5502	
13.5706	
13.54	
13.5655	
13.54	
13.5604	
13.54	
13.5604	
13.5298	
13.5553	
13.5298	
13.5502	
13.5298	
13.5553	
13.5196	
13.5553	
13.5247	
13.5502	
13.5196	
13.54	
13.5247	
13.54	
13.5247	
13.54	
13.5247	
13.5349	
13.5196	
13.5349	
13.5247	
13.5298	
13.5196	
13.5247	
13.5196	
13.5247	
13.5196	
13.5145	
13.5196	
13.5145	
13.5247	
13.5094	
13.5145	
13.5043	
13.5145	
13.5043	
13.5196	
13.4992	
13.5196	
13.4941	
13.5145	
13.4992	
13.5145	
13.4839	
13.5145	
13.489	
13.5145	
13.4839	
13.5043	
13.489	
13.5094	
13.4839	
13.5094	
13.4737	
13.4992	
13.4737	
13.4941	
13.4737	
13.489	
13.4686	
13.489	
13.4686	
13.4941	
13.4686	
13.4839	
13.4686	
13.4839	
13.4686	
13.4788	
13.4635	
13.4737	
13.4686	
13.4686	
13.4737	
13.4635	
13.4737	
13.4584	
13.4635	
13.4533	
13.4584	
13.4431	
13.4584	
13.438	
13.4584	
13.4431	
13.4584	
13.4278	
13.4533	
13.4278	
13.4584	
13.4176	
13.4482	
13.4227	
13.4431	
13.4176	
13.4431	
13.4074	
13.438	
13.4074	
13.4329	
13.4125	
13.4329	
13.4227	
13.4329	
13.4176	
13.438	
13.4125	
13.4278	
13.4125	
13.4329	
13.4176	
13.4278	
13.4125	
13.4176	
13.4074	
13.4074	
13.4074	
13.4023	
13.4074	
13.3972	
13.4023	
13.3921	
13.3972	
13.3819	
13.3972	
13.3819	
13.3972	
13.3768	
13.3921	
13.3666	
13.3921	
13.3615	
13.3921	
13.3615	
13.3819	
13.3615	
13.387	
13.3564	
13.3768	
13.3462	
13.3768	
13.3513	
13.3819	
13.3513	
13.3717	
13.3564	
13.3666	
13.3462	
13.3666	
13.3411	
13.3615	
13.3411	
13.3615	
13.3462	
13.3513	
13.3411	
13.3513	
13.3411	
13.3513	
13.3411	
13.3411	
13.3411	
13.3411	
13.336	
13.3411	
13.336	
13.3309	
13.3411	
13.3258	
13.3411	
13.3156	
13.3309	
13.3207	
13.336	
13.3156	
13.3309	
13.3054	
13.336	
13.3003	
13.3207	
13.3054	
13.3258	
13.2952	
13.3207	
13.2952	
13.3207	
13.2901	
13.3156	
13.2952	
13.3156	
13.2952	
13.3156	
13.2952	
13.3105	
13.2901	
13.3105	
13.2952	
13.3105	
13.2901	
13.3054	
13.2901	
13.3054	
13.2901	
13.3003	
13.2901	
13.3003	
13.2952	
13.2901	
13.2901	
13.2901	
13.2901	
13.2799	
13.2952	
13.2748	
13.2901	
13.2697	
13.2901	
13.2748	
13.285	
13.2646	
13.285	
13.2646	
13.2901	
13.2646	
13.285	
13.2595	
13.285	
13.2544	
13.285	
13.2544	
13.2901	
13.2493	
13.2799	
13.2544	
13.2748	
13.2442	
13.2646	
13.2442	
13.2697	
13.2442	
13.2544	
13.2442	
13.2544	
13.234	
13.2595	
13.234	
13.2442	
13.2391	
13.2493	
13.2391	
13.2391	
13.2391	
13.234	
13.2391	
13.234	
13.234	
13.2238	
13.234	
13.2187	
13.234	
13.2187	
13.2238	
13.2085	
13.2289	
13.2085	
13.234	1
13.2034	
13.2238	
13.1983	
13.2238	
13.1983	
13.2238	
13.1932	
13.2238	
13.1983	
13.2187	
13.1983	
13.2187	
13.1881	
13.2187	
13.1932	
13.2187	
13.1881	
13.2187	
13.1881	
13.2085	
13.1932	
13.2085	
13.1881	
13.1983	
13.1932	
13.1983	
13.1881	
13.1932	
13.1881	
13.1881	
13.183	
13.1881	
13.1779	
13.1728	
13.183	
13.1677	
13.183	
13.1626	
13.1728	
13.1575	
13.1677	
13.1473	
13.1728	
13.1422	
13.1677	
13.1371	
13.1626	
13.1422	
13.1575	
13.1422	
13.1575	
13.132	
13.1575	
13.132	
13.1524	
13.132	
13.1524	
13.1218	
13.1524	
13.1167	
13.1422	
13.1167	
13.1371	
13.1218	
13.132	
13.1167	
13.132	
13.1167	
13.1269	
13.1167	
13.1218	
13.1116	
13.1218	
13.1116	
13.1167	
13.1167	
13.1065	
13.1116	
13.1014	
13.1116	
13.0963	
13.1065	
13.0912	
13.1065	
13.0912	
13.1065	
13.081	
13.1014	
13.081	
13.1014	
13.081	
13.1014	
13.0708	
13.0963	
13.0708	
13.0963	
13.0657	
13.0963	
13.0657	
13.0912	
13.0657	
13.0861	
13.0555	
13.081	
13.0504	
13.0708	
13.0504	
13.0657	
13.0555	
13.0657	
13.0453	
13.0657	
13.0453	
13.0606	
13.0402	
13.0504	
13.0504	
13.0504	
13.0453	
13.0402	
13.0402	
13.0351	
13.0453	
13.0249	
13.0402	
13.0249	
13.0402	
13.0249	
13.0351	
13.0096	
13.0351	
13.0147	
13.0402	
13.0096	
13.03	
13.0045	
13.03	
12.9994	
13.0249	
12.9994	
13.0249	
12.9943	
13.0249	
12.9943	
13.0147	
12.9892	
13.0147	
12.9892	
13.0147	
12.9892	
13.0045	
12.9892	
13.0096	
12.9892	
13.0045	
12.979	
12.9994	
12.9892	
12.9943	
12.9892	
12.9943	
12.9841	
12.9892	
12.9841	
12.9841	
12.979	
12.9739	
12.979	
12.9688	
12.9739	
12.9637	
12.9688	
12.9637	
12.9688	
12.9535	
12.9739	
12.9433	
12.9637	
12.9433	
12.9688	
12.9433	
12.9637	
12.9382	
12.9586	
12.9331	
12.9535	
12.9331	
12.9535	
12.928	
12.9535	
12.928	
12.9535	
12.9229	
12.9484	
12.9229	
12.9484	
12.928	
12.9433	
12.928	
12.9331	
12.9178	
12.9331	
12.9229	
12.9382	
12.9229	
12.928	
12.9229	
12.928	
12.9178	
12.9127	
12.9229	
12.9178	
12.928	
12.9127	
12.9229	
12.9025	
12.9229	
12.9025	
12.928	
12.8974	
12.9178	
12.8974	
12.9178	
12.8974	
12.9178	
12.8923	
12.9178	
12.8923	
12.9178	
12.8872	
12.9127	
12.8821	
12.9076	
12.8821	
12.9076	
12.8872	
12.9025	
12.877	
12.9025	
12.8821	
12.9025	
12.8821	
12.9025	
12.8872	
12.9076	
12.8923	
12.9025	
12.8974	
12.9025	
12.8974	
12.9127	
12.9127	
12.9127	
12.9127	
12.9229	
12.928	
12.9127	
12.928	
12.928	
12.9433	
12.9382	
12.9535	
12.9433	
12.9637	
12.9535	
12.979	
12.9688	
12.9943	
12.9739	
13.0147	
12.9943	
13.0351	
13.0096	
13.0453	
13.0351	
13.0708	
13.0555	
13.0963	
13.0759	
13.1116	
13.1065	
13.1371	
13.132	
13.1626	
13.1524	
13.1932	
13.183	
13.2238	
13.2187	
13.2442	
13.2442	
13.2799	
13.2799	
13.3054	
13.3003	
13.3309	
13.336	
13.3462	
13.3666	
13.3717	
13.3972	
13.4023	
13.4227	
13.4278	
13.4482	
13.4482	
13.4788	
13.4788	
13.5145	
13.5094	
13.54	
13.5349	
13.5706	
13.5604	
13.6012	
13.5859	
13.6369	
13.6216	
13.6573	
13.642	
13.6777	
13.6675	
13.7032	
13.6879	
13.7338	
13.7134	
13.7491	
13.7338	
13.7695	
13.7593	
13.795	
13.7797	
13.8052	
13.8001	
13.8256	
13.8256	
13.8358	
13.8358	
13.8562	
13.8562	
13.8715	
13.8715	
13.8817	
13.8868	
13.8868	
13.897	
13.897	
13.9072	
13.9021	
13.9174	
13.9072	
13.9327	
13.9123	
13.9378	
13.9174	
13.948	
13.9276	
13.9531	
13.9276	
13.9582	
13.9327	
13.9582	
13.9327	
13.9582	
13.9276	
13.9531	
13.9276	
13.9531	
13.9225	
13.9429	
13.9225	
13.9429	
13.9276	
13.9429	
13.9225	
13.9378	
13.9174	
13.9327	
13.9225	
13.9276	
13.9225	
13.9225	
13.9174	
13.9225	
13.9123	
13.9072	
13.9123	
13.9072	
13.9072	
13.897	
13.897	
13.8919	
13.8919	
13.8766	
13.8919	
13.8613	
13.8766	
13.8562	
13.8715	
13.846	
13.8562	
13.8358	
13.8562	
13.8256	
13.846	
13.8205	
13.8358	
13.8052	
13.8256	
13.7899	
13.8205	
13.7899	
13.8052	
13.7797	
13.795	
13.7695	
13.7797	
13.7491	
13.7746	
13.7491	
13.7644	
13.7389	
13.7491	
13.7287	
13.7389	
13.7185	
13.7287	
13.7083	
13.7134	
13.6981	
13.693	
13.6879	
13.6726	
13.6675	
13.6573	
13.6573	
13.6369	
13.642	
13.6165	
13.6267	
13.6063	
13.6165	
13.5961	
13.6063	
13.5757	
13.591	
13.5655	
13.5859	
13.5502	
13.5655	
13.54	
13.5553	
13.5298	
13.5451	
13.5145	
13.5298	
13.5043	
13.5247	
13.4941	
13.5043	
13.4839	
13.489	
13.4686	
13.4788	
13.4533	
13.4635	
13.4431	
13.4533	
13.4329	
13.438	
13.4176	
13.4227	
13.4074	
13.4074	
13.4023	
13.3972	
13.387	
13.3819	
13.3768	
13.3717	
13.3666	
13.3462	
13.3615	
13.3411	
13.3513	
13.3258	
13.3309	
13.3156	
13.3258	
13.3003	
13.3207	
13.2799	
13.3054	
13.2748	
13.3003	
13.2646	
13.285	
13.2544	
13.2748	
13.2442	
13.2646	
13.2289	
13.2442	
13.2136	
13.234	
13.1983	
13.2238	
13.1932	
13.2085	
13.183	
13.1983	
13.183	
13.183	
13.1728	
13.183	
13.1677	
13.1728	
13.1626	
13.1626	
13.1524	
13.1575	
13.1473	
13.1422	
13.1422	
13.132	
13.1371	
13.1269	
13.1371	
13.1116	
13.132	
13.1065	
13.1269	
13.1065	
13.1218	
13.0963	
13.1167	
13.0912	
13.1167	
13.0912	
13.1065	
13.081	
13.1065	
13.0759	
13.1065	
13.0708	
13.0963	
13.0708	
13.0963	
13.0759	
13.0963	
13.0708	
13.0912	
13.0708	
13.0861	
13.0708	
13.0759	
13.0657	
13.0861	
13.0708	
13.081	
13.0708	
13.081	
13.0657	
13.0708	
13.0708	
13.0657	
13.0657	
13.0555	
13.0606	
13.0453	
13.0606	
13.0453	
13.0555	
