15.5749
15.5698
15.5749
15.5749
15.5749
15.58
15.5749
15.5851
15.5749
15.58
15.58
15.5749
15.5749
15.58
15.58
15.5851
15.5749
15.5749
15.5749
15.5749
15.5749
15.5851
15.5851
15.5749
15.58
15.58
15.5851
15.5749
15.5851
15.5749
15.58
15.5851
15.5851
15.58
15.58
15.58
15.5851
15.5851
15.58
15.58
15.5851
15.5851
15.5953
15.5851
15.5953
15.5851
15.5902
15.5902
15.5902
15.5851
15.5902
15.5851
15.5851
15.5902
15.5851
15.5851
15.5851
15.5902
15.5902
15.5902
15.5851
15.5902
15.5851
15.5851
15.5851
15.5851
15.5851
15.5851
15.5851
15.5902
15.5851
15.5851
15.5851
15.5902
15.5902
15.5851
15.5851
15.5902
15.5851
15.5953
15.5902
15.5902
15.5902
15.5902
15.5953
15.5953
15.5953
15.5902
15.5902
15.5902
15.5953
15.5902
15.5902
15.5902
15.5953
15.6004
15.5953
15.5953
15.5953
15.5953
15.5902
15.6004
15.5953
15.5953
15.5953
15.5953
15.6055
15.5953
15.6004
15.5953
15.6004
15.6004
15.6004
15.5953
15.6004
15.6004
15.6004
15.6004
15.6055
15.6004
15.6004
15.6055
15.6055
15.5953
15.6004
15.6055
15.6055
15.6004
15.6055
15.6004
15.6055
15.6004
15.6055
15.6055
15.6004
15.6004
15.6004
15.6004
15.6055
15.6004
15.6004
15.6004
15.6055
15.6055
15.6004
15.6004
15.6004
15.6055
15.6055
15.6106
15.6055
15.6004
15.6055
15.6004
15.6055
15.6055
15.6055
15.6055
15.6055
15.6055
15.6055
15.6055
15.6004
15.6055
15.6004
15.6106
15.5953
15.6106
15.6055
15.6055
15.6055
15.6055
15.6004
15.6055
15.6055
15.6106
15.6055
15.6055
15.6055
15.6106
15.6055
15.6106
15.6004
15.6055
15.6055
15.6157
15.6106
15.6055
15.6004
15.6055
15.6106
15.6106
15.6106
15.6055
15.6055
15.6055
15.6106
15.6157
15.6106
15.6106
15.6106
15.6157
15.6157
15.6106
15.6157
15.6157
15.6157
15.6157
15.6157
15.6106
15.6106
15.6106
15.6106
15.6157
15.6208
15.6055
15.6157
15.6157
15.6157
15.6106
15.6106
15.6157
15.6157
15.6157
15.6157
15.6106
15.6106
15.6157
15.6106
15.6157
15.6055
15.6157
15.6106
15.6157
15.6157
15.6106
15.6157
15.6106
15.6106
15.6106
15.6157
15.6106
15.6106
15.6157
15.6106
15.6157
15.6106
15.6157
15.6106
15.6106
15.6157
15.6106
15.6106
15.6157
15.6157
15.6208
15.6157
15.6106
15.6106
15.6157
15.6106
15.6208
15.6106
15.6157
15.6106
15.6157
15.6208
15.6106
15.6055
15.6157
15.6157
15.6208
15.6157
15.6157
15.6157
15.6157
15.6157
15.6208
15.6208
15.6157
15.6106
15.6157
15.6208
15.6157
15.6208
15.6157
15.6157
15.6208
15.6208
15.6157
15.6208
15.6157
15.6157
15.6208
15.6259
15.6208
15.6208
15.6208
15.6259
15.6157
15.6208
15.6157
15.6208
15.6208
15.6208
15.6157
15.6208
15.6208
15.6157
15.6208
15.6208
15.6157
15.6208
15.6157
15.6259
15.6106
15.6208
15.6157
15.6259
15.6208
15.6208
15.6157
15.6157
15.6208
15.6157
15.6208
15.6208
15.6259
15.6208
15.6208
15.6259
15.6157
15.6157
15.6208
15.6208
15.6259
15.6208
15.6157
15.6208
15.6208
15.6157
15.6259
15.6157
15.6208
15.6259
15.6208
15.6259
15.6157
15.6208
15.6259
15.6208
15.631
15.6259
15.6259
15.6208
15.6259
15.6208
15.631
15.6208
15.6259
15.6259
15.6259
15.6259
15.6259
15.631
15.6208
15.6259
15.6259
15.6259
15.6361
15.6259
15.6259
15.6259
15.6361
15.631
15.6259
15.6259
15.6259
15.631
15.6259
15.6259
15.6259
15.6259
15.631
15.631
15.6361
15.6259
15.6259
15.6259
15.631
15.6259
15.6259
15.6259
15.6259
15.631
15.6259
15.631
15.6259
15.6259
15.631
15.631
15.631
15.6259
15.6259
15.631
15.6361
15.6259
15.6259
15.631
15.631
15.6361
15.6259
15.631
15.631
15.631
15.6361
15.6361
15.631
15.631
15.631
15.631
15.6361
15.631
15.631
15.631
15.631
15.6361
15.6361
15.6259
15.6361
15.6361
15.6412
15.6361
15.6361
15.631
15.6361
15.631
15.6361
15.631
15.6361
15.6361
15.6361
15.6361
15.631
15.6361
15.6412
15.6412
15.6412
15.6412
15.6412
15.6412
15.6361
15.6361
15.6463
15.6412
15.6412
15.6412
15.6412
15.6463
15.6361
15.6361
15.6412
15.6463
15.6463
15.6412
15.631
15.6361
15.6361
15.6412
15.6412
15.6463
15.6361
15.6361
15.6361
15.6463
15.6361
15.6412
15.6412
15.6361
15.6412
15.6412
15.6361
15.6412
15.6361
15.6361
15.6412
15.6361
15.6463
15.6412
15.6361
15.6463
15.6361
15.6361
15.6361
15.6412
15.6412
15.6412
15.6361
15.6412
15.6412
15.6412
15.6463
15.6463
15.6412
15.6412
15.6412
15.6412
15.6361
15.6412
15.6412
15.6412
15.6463
15.6463
15.6412
15.6412
15.6412
15.6412
15.6463
15.6463
15.6463
15.6412
15.6514
15.6463
15.6463
15.6412
15.6463
15.6463
15.6514
15.6463
15.6412
15.6463
15.6463
15.6412
15.6514
15.6463
15.6514
15.6463
15.6514
15.6514
15.6463
15.6463
15.6514
15.6514
15.6514
15.6514
15.6463
15.6463
15.6463
15.6463
15.6463
15.6463
15.6463
15.6463
15.6463
15.6514
15.6412
15.6463
15.6412
15.6463
15.6463
15.6514
15.6514
15.6463
15.6463
15.6463
15.6463
15.6463
15.6412
15.6463
15.6463
15.6514
15.6463
15.6463
15.6463
15.6514
15.6514
15.6514
15.6463
15.6514
15.6463
15.6463
15.6514
15.6514
15.6514
15.6565
15.6463
15.6565
15.6463
15.6463
15.6514
15.6514
15.6565
15.6514
15.6565
15.6514
15.6514
15.6514
15.6565
15.6565
15.6514
15.6514
15.6565
15.6565
15.6514
15.6565
15.6565
15.6565
15.6616
15.6565
15.6616
15.6616
15.6565
15.6514
15.6667
15.6616
15.6565
15.6565
15.6616
15.6616
15.6616
15.6565
15.6616
15.6616
15.6667
15.6616
15.6616
15.6565
15.6616
15.6565
15.6616
15.6616
15.6616
15.6616
15.6565
15.6616
15.6514
15.6565
15.6565
15.6616
15.6616
15.6616
15.6565
15.6616
15.6616
15.6667
15.6616
15.6616
15.6565
15.6616
15.6565
15.6667
15.6514
15.6616
15.6616
15.6667
15.6616
15.6667
15.6565
15.6616
15.6616
15.6616
15.6667
15.6616
15.6616
15.6616
15.6616
15.6718
15.6565
15.6667
15.6616
15.6718
15.6667
15.6667
15.6616
15.6667
15.6616
15.6616
15.6667
15.6718
15.6667
15.6616
15.6667
15.6718
15.6667
15.6667
15.6718
15.6667
15.6718
15.6667
15.6667
15.6667
15.6718
15.6667
15.6769
15.6769
15.6718
15.6667
15.6769
15.6718
15.6667
15.6718
15.6769
15.6718
15.682
15.6718
15.6718
15.6718
15.6718
15.6667
15.6769
15.6667
15.6718
15.6718
15.6718
15.6718
15.6616
15.6667
15.6718
15.6718
15.6769
15.6718
15.6718
15.6718
15.6769
15.6718
15.6769
15.6718
15.6718
15.6718
15.6718
15.682
15.6769
15.6718
15.682
15.682
15.682
15.682
15.6769
15.682
15.682
15.682
15.682
15.6769
15.682
15.682
15.6769
15.6871
15.682
15.6871
15.6871
15.6871
15.6871
15.6871
15.682
15.6871
15.6871
15.6871
15.6922
15.6922
15.6871
15.6922
15.6922
15.6973
15.6922
15.6922
15.6922
15.6973
15.7024
15.7024
15.6922
15.6973
15.7024
15.6973
15.7075
15.7024
15.7075
15.7024
15.7075
15.7075
15.7075
15.7075
15.7075
15.7075
15.7126
15.7075
15.7126
15.7126
15.7075
15.7075
15.7126
15.7075
15.7126
15.7075
15.7126
15.7177
15.7126
15.7177
15.7126
15.7126
15.7177
15.7177
15.7126
15.7126
15.7126
15.7126
15.7228
15.7126
15.7126
15.7126
15.7177
15.7177
15.7177
15.7177
15.7126
15.7228
15.7228
15.7228
15.7177
15.7228
15.7177
15.7177
15.7228
15.7228
15.7177
15.7228
15.7177
15.7279
15.7228
15.7228
15.7228
15.7228
15.7228
15.7228
15.7177
15.7228
15.7228
15.7228
15.7279
15.7228
15.733
15.7279
15.7228
15.733
15.7177
15.7279
15.7279
15.7279
15.7279
15.7279
15.7228
15.7279
15.7279
15.7279
15.733
15.7228
15.7279
15.7279
15.7279
15.733
15.7228
15.7279
15.733
15.7279
15.7381
15.7279
15.7279
15.733
15.7279
15.7279
15.733
15.7228
15.7279
15.7279
15.7279
15.7279
15.7279
15.733
15.7279
15.7279
15.733
15.7228
15.7279
15.7279
15.7279
15.7279
15.7279
15.7177
15.7228
15.7279
15.7279
15.7279
15.733
15.7279
15.7279
15.7279
15.7279
15.7279
15.733
15.7279
15.7279
15.7279
15.7279
15.7228
15.7228
15.7279
15.7228
15.7279
15.7228
15.7279
15.7279
15.7228
15.7279
15.7279
15.7228
15.733
15.7279
15.7279
15.7279
15.733
15.7228
15.7228
15.7279
15.733
15.7228
15.7279
15.7279
15.7279
15.7279
15.7279
15.7279
15.7279
15.7279
15.7279
15.7279
15.7228
15.7279
15.7279
15.7279
15.733
15.7279
15.7279
15.7279
15.733
15.7381
15.7279
15.733
15.7279
15.733
15.7228
15.733
15.7126
15.733
15.7177
15.733
15.7228
15.7279
15.7177
15.7279
15.7228
15.733
15.7228
15.7279
15.7177
15.7279
15.7177
15.733
15.7228
15.7279
15.7228
15.7228
15.7279
15.7228
15.733
15.7228
15.7228
15.7279
15.7228
15.7177
15.7228
15.7228
15.7228
15.7228
15.7228
15.7177
15.7279
15.7177
15.733
15.7126
15.7228
15.7177
15.7279
15.7177
15.7279
15.7228
15.7279
15.7126
15.7228
15.7177
15.7177
15.7177
15.7279
15.7177
15.733
15.7177
15.7228
15.7177
15.7228
15.7228
15.7279
15.7177
15.7228
15.7177
15.7177
15.7228
15.7177
15.7228
15.7279
15.7228
15.7279
15.7228
15.7177
15.7228
15.7177
15.7279
15.7228
15.7228
15.7279
15.7279
15.7177
15.7279
15.7177
15.7279
15.7228
15.7228
15.7177
15.7177
15.7177
15.7279
15.7177
15.7279
15.7177
15.7228
15.7177
15.7228
15.7126
15.7279
15.7228
15.7228
15.7126
15.7228
15.7177
15.7228
15.7126
15.7279
15.7177
15.7279
15.7177
15.7228
15.7177
15.7228
15.7177
15.7279
15.7177
15.7228
15.7177
15.7228
15.7228
15.7177
15.7228
15.7177
15.7228
15.7177
15.7228
15.7177
15.7228
15.7126
15.7228
15.7177
15.733
15.7126
15.7279
15.7228
15.733
15.7177
15.7279
15.7177
15.7279
15.7228
15.733
15.7279
15.7279
15.7228
15.733
15.733
15.733
15.7279
15.7381
15.733
15.7432
15.733
15.7381
15.7381
15.7432
15.7432
15.7483
15.7483
15.7483
15.7534
15.7534
15.7636
15.7636
15.7636
15.7636
15.7687
15.7738
15.7738
15.7789
15.7891
15.784
15.7942
15.7942
15.7942
15.8095
15.8095
15.8095
15.8248
15.8248
15.835
15.8299
15.8452
15.8452
15.8554
15.8554
15.8758
15.8707
15.886
15.8911
15.9013
15.9115
15.9166
15.9217
15.937
15.9319
15.9523
15.9574
15.9727
15.9829
15.988
15.9982
16.0135
16.0186
16.0339
16.0441
16.0492
16.0645
16.0747
16.0849
16.1002
16.1104
16.1206
16.141
16.1461
16.1665
16.1767
16.1869
16.2022
16.2124
16.2277
16.2481
16.2532
16.2685
16.2838
16.2991
16.3093
16.3246
16.3348
16.3552
16.3654
16.3654
16.3654
16.3654
16.3654
16.3654
16.3654
16.3654
16.3654
16.7744
16.8107
16.8107
16.8107
16.847
16.8107
16.847
16.847
16.8833
16.8833
16.8833
16.9196
16.9196
16.9559
16.9559
16.9559
16.9922
17.0285
17.0285
17.0648
17.0648
17.0648
17.1011
17.1011
17.1374
17.1374
17.1737
17.1737
17.21
17.21
17.21
17.2463
17.2463
17.2826
17.2826
17.3189
17.3189
17.3189
17.3552
17.3552
17.3915
17.3915
17.3915
17.4278
17.4641
17.4641
17.4641
17.4641
17.5004
17.5367
17.5367
17.5367
17.5367
17.573
17.573
17.6093
17.6093
17.6093
17.6456
17.6456
17.6456
17.6819
17.6819
17.6819
17.6819
17.7182
17.7182
17.7545
17.7545
17.7545
17.7545
17.7545
17.7908
17.7545
17.7908
17.7908
17.7908
17.8271
17.8271
17.8271
17.8271
17.8271
17.8271
17.8634
17.8634
17.8634
17.8634
17.8634
17.8634
17.8634
17.8997
17.8634
17.8997
17.8997
17.8997
17.8997
17.8997
17.8997
17.8997
17.8997
17.936
17.8997
17.936
17.936
17.936
17.936
17.936
17.936
17.936
17.936
17.936
17.936
17.936
17.936
17.936
17.9723
17.936
17.9723
17.9723
17.9723
17.9723
17.9723
18.0086
17.9723
17.9723
18.0086
17.9723
17.9723
17.9723
17.9723
17.9723
17.9723
17.9723
17.9723
17.9723
18.0086
17.9723
17.9723
17.9723
17.9723
17.9723
18.0086
17.9723
17.9723
17.9723
17.9723
17.9723
17.9723
17.9723
18.0086
17.9723
17.9723
17.9723
17.9723
17.9723
17.9723
17.9723
17.9723
17.9723
17.936
17.9723
17.9723
17.9723
17.9723
17.9723
17.936
17.9723
17.936
17.936
17.936
17.936
17.936
17.936
17.936
17.936
17.8997
17.936
17.8997
17.8997
17.8997
17.8634
17.8997
17.8997
17.8634
17.8634
17.8634
17.8634
17.8634
17.8271
17.8634
17.8271
17.8271
17.8271
17.8271
17.8271
17.8271
17.7908
17.7908
17.7908
17.7908
17.7908
17.7545
17.7545
17.7545
17.7545
17.7545
17.7545
17.7182
17.7545
17.7182
17.7182
17.7182
17.6819
17.7182
17.6456
17.6819
17.6819
17.6456
17.6456
17.6456
17.6093
17.6093
17.6093
17.6093
17.573
17.6093
17.573
17.573
17.573
17.5367
17.5367
17.5367
17.5367
17.5367
17.5367
17.5004
17.5004
17.5004
17.5004
17.4641
17.4641
17.4641
17.4641
17.4278
17.4278
17.4278
17.3915
17.3915
17.3915
17.3915
17.3915
17.3915
17.3552
17.3552
17.3552
17.3189
17.3552
17.3189
17.3189
17.3189
17.3189
17.2826
17.2826
17.2826
17.2826
17.2463
17.2826
17.2463
17.2463
17.2463
17.2463
17.2463
17.2463
17.2463
17.21
17.2463
17.2463
17.2463
17.2463
17.2463
17.2463
17.2463
17.2463
17.2463
17.2463
17.2826
17.2826
17.2826
17.2826
17.2826
17.2826
17.3189
17.2826
17.3189
17.3189
17.3189
17.3189
17.3552
17.3552
17.3915
17.3552
17.3915
17.3915
17.3915
17.4278
17.4278
17.4278
17.4641
17.4278
17.4641
17.4641
17.5004
17.5004
17.5004
17.5004
17.5367
17.5367
17.573
17.573
17.573
17.573
17.6093
17.6093
17.6456
17.6093
17.6819
17.6456
17.6819
17.6819
17.6819
17.6819
17.6819
17.7182
17.7545
17.7545
17.7182
17.7545
17.7908
17.7908
17.7908
17.7908
17.8271
17.8271
17.8271
17.8271
17.8634
17.8634
17.8634
17.8634
17.8997
17.8997
17.8997
17.8997
17.8997
17.8997
17.936
17.936
17.936
17.9723
17.9723
17.9723
17.9723
17.9723
17.9723
17.9723
17.9723
17.9723
17.9723
17.9723
18.0086
17.9723
18.0086
18.0086
18.0086
18.0086
18.0086
18.0086
18.0086
18.0086
18.0449
18.0086
18.0449
18.0449
18.0086
18.0449
18.0449
18.0449
18.0449
18.0449
18.0449
18.0086
18.0449
18.0449
18.0449
18.0449
18.0449
18.0449
18.0449
18.0449
18.0449
18.0449
18.0449
18.0449
18.0449
18.0086
18.0449
18.0086
18.0449
18.0449
18.0449
18.0449
18.0449
18.0086
18.0449
18.0086
18.0449
18.0086
18.0086
18.0449
18.0086
18.0086
18.0086
18.0086
17.9723
18.0086
17.9723
17.9723
17.9723
18.0086
17.9723
17.9723
17.9723
17.9723
17.9723
17.9723
17.9723
17.936
17.9723
17.936
17.936
17.936
17.936
17.936
17.936
17.936
17.936
17.8997
17.8997
17.936
17.8997
17.8997
17.8997
17.8634
17.8634
17.8634
17.8634
17.8634
17.8271
17.8271
17.8271
17.8271
17.8271
17.8271
17.7908
17.7908
17.7908
17.7908
17.7908
17.7545
17.7545
17.7545
17.7545
17.7545
17.7182
17.7545
17.7182
17.7182
17.7182
17.7182
17.7182
17.6819
17.6819
17.6456
17.6456
17.6456
17.6456
17.6093
17.6093
17.6093
17.6093
17.573
17.573
17.573
17.573
17.573
17.5367
17.5367
17.5367
17.5367
17.5004
17.5004
17.5004
17.4641
17.4641
17.4641
17.4641
17.4278
17.4641
17.4278
17.4278
17.4278
17.4278
17.3915
17.3915
17.3552
17.3915
17.3552
17.3552
17.3189
17.3189
17.3552
17.3189
17.3189
17.3189
17.3189
17.2826
17.2826
17.2826
17.2826
17.2463
17.2463
17.2463
17.21
17.21
17.21
17.21
17.21
17.1737
17.21
17.1737
17.1737
17.1737
17.1737
17.1737
17.1374
17.1374
17.1011
17.1374
17.1011
17.1011
17.1011
17.1011
17.1011
17.0648
17.0648
17.0648
17.0648
17.0648
17.0648
17.0285
17.0285
17.0285
17.0285
17.0285
17.0285
16.9922
17.0285
16.9922
16.9922
16.9922
16.9922
16.9922
16.9559
16.9922
16.9559
16.9559
16.9196
16.9559
16.9196
16.9559
16.9196
16.9196
16.9196
16.9196
16.9196
16.9196
16.8833
16.8833
16.8833
16.8833
16.8833
16.8833
16.8833
16.8833
16.847
16.8833
16.8833
16.847
16.847
16.847
16.847
16.847
16.8107
16.847
16.8107
16.847
16.847
16.8107
16.8107
16.8107
16.8107
16.8107
16.847
16.8107
16.8107
16.7744
16.8107
16.8107
16.7744
16.7744
16.7744
16.7744
16.7744
16.7744
16.7744
16.7744
16.7744
16.7744
16.7381
16.7381
16.7381
16.7381
16.7744
16.7381
16.7381
16.7744
16.7381
16.7381
16.7381
16.7381
16.7381
16.7381
16.7018
16.7381
16.7018
16.7018
16.7018
16.7381
16.7381
16.7018
16.7018
16.7018
16.7018
16.7381
16.7018
16.7018
16.7018
16.7381
16.7018
16.7018
16.7018
16.7018
16.7018
16.7018
16.7018
16.7018
16.7018
16.7018
16.7018
16.7018
16.7018
16.7018
16.7018
16.7018
16.7018
16.7018
16.7018
16.7381
16.7018
16.7018
16.7381
16.7018
16.7018
16.7018
16.7381
16.7381
16.7381
16.7381
16.7381
16.7381
16.7381
16.7381
16.7381
16.7381
16.7381
16.7381
16.7381
16.7381
16.7381
16.7381
16.7381
16.7381
16.7381
16.7381
16.7744
16.7744
16.7744
16.7744
16.7744
16.7744
16.7744
16.7744
16.8107
16.7744
16.7744
16.7744
16.7744
16.8107
16.8107
16.8107
16.7744
16.8107
16.8107
16.8107
16.8107
16.8107
16.8107
16.8107
16.8107
16.8107
16.7744
16.8107
16.8107
16.8107
16.8107
16.8107
16.8107
16.8107
16.8107
16.847
16.8107
16.8107
16.8107
16.8107
16.847
16.8107
16.8107
16.8107
16.847
16.847
16.8107
16.847
16.8107
16.847
16.847
16.847
16.8107
16.8107
16.847
16.8107
16.847
16.8107
16.847
16.8107
16.847
16.847
16.847
16.8107
16.847
16.847
16.847
16.847
16.8107
16.8107
16.8107
16.847
16.847
16.8107
16.847
16.847
16.8107
16.847
16.847
16.8107
16.847
16.8107
16.847
16.847
16.847
16.847
16.847
16.8107
16.847
16.847
16.8107
16.8107
16.847
16.847
16.847
16.8107
16.847
16.8107
16.8107
16.847
16.847
16.8107
16.8107
16.8107
16.847
16.8107
16.847
16.8107
16.8107
16.8107
16.847
16.8107
16.8107
16.8107
16.8107
16.8107
16.8107
16.8107
16.8107
16.8107
16.8107
16.8107
16.7744
16.8107
16.8107
16.8107
16.8107
16.8107
16.8107
16.8107
16.8107
16.8107
16.7744
16.8107
16.8107
16.8107
16.8107
16.8107
16.8107
16.8107
16.8107
16.8107
16.8107
16.7744
16.7744
16.8107
16.7744
16.8107
16.7744
16.7744
16.7744
16.7744
16.7744
16.7744
16.7744
16.7744
16.7744
16.7744
16.7744
16.7744
16.7744
16.7744
16.7744
16.7744
16.7744
16.7744
16.7744
16.7381
16.7744
16.7381
16.7744
16.7744
16.7744
16.7381
16.7744
16.7381
16.7381
16.7381
16.7381
16.7744
16.7381
16.7381
16.7381
16.7381
16.7744
16.7381
16.7381
16.7381
16.7381
16.7381
16.7381
16.7381
16.7381
16.7381
16.7381
16.7381
16.7381
16.7381
16.7381
16.7381
16.7381
16.7381
16.7018
16.7381
16.7381
16.7381
16.7381
16.7018
16.7381
16.7381
16.7018
16.7381
16.7018
16.7381
16.7018
16.7381
16.7381
16.7381
16.7018
16.7381
16.7018
16.7381
16.7018
16.7018
16.7018
16.7381
16.7018
16.7381
16.7018
16.7018
16.7381
16.7381
16.7381
16.7018
16.7018
16.7018
16.7018
16.7381
16.7018
16.7018
16.7018
16.7018
16.7018
16.7018
16.7018
16.7018
16.7018
16.7018
16.7381
16.7018
16.7018
16.7381
16.7018
16.7018
16.7018
16.7018
16.7381
16.7018
16.7381
16.7018
16.7018
16.7018
16.7018
16.7018
16.7381
16.7018
16.7018
16.7018
16.7018
16.7018
16.7018
16.7381
16.7018
16.7018
16.7018
16.7018
16.7381
16.7018
16.7018
16.7018
16.7018
16.7018
16.7018
16.7018
16.7018
16.7018
16.7018
16.7381
16.7018
16.7018
16.7018
16.7018
16.7018
16.7018
16.7018
16.7018
16.7018
16.7018
16.7018
16.7018
16.7018
16.7018
16.7018
16.7018
16.7018
16.7018
16.7018
16.7018
16.7018
16.7018
16.7018
16.7018
16.7018
16.7018
16.6655
16.7018
16.7018
16.7381
16.7018
16.7018
16.7018
16.7018
16.7018
16.7018
16.7018
16.7018
16.7018
16.7018
16.7018
16.6655
16.6655
16.7018
16.7018
16.7018
16.7018
16.7381
16.7018
16.6655
16.7018
16.7018
16.7381
16.7018
16.7018
16.7018
16.7381
16.7018
16.7018
16.7018
16.7018
16.7018
16.7018
16.7018
16.7381
16.7018
16.7018
16.7381
16.7018
16.7018
16.7018
16.7018
16.7018
16.7018
16.7018
16.7018
16.7018
16.7018
16.7018
16.7018
16.7018
16.7018
16.7018
16.7018
16.7018
16.7018
16.7018
16.7018
16.7018
16.7018
16.7018
16.7018
16.7018
16.7018
16.7018
16.7381
16.7018
16.7018
16.7018
16.7018
16.7018
16.7018
16.7018
16.7018
16.7018
16.7018
16.7381
16.7018
16.7018
16.7381
16.7018
16.7381
16.7018
16.7018
16.7018
16.7018
16.7018
16.7018
16.7018
16.7018
16.7018
16.7018
16.7018
16.7018
16.7018
16.7381
16.7381
16.7018
16.7018
16.7018
16.7018
16.7381
16.7018
16.7381
16.7018
16.7018
16.7381
16.7018
16.7381
16.7018
16.7018
16.7018
16.7018
16.7018
16.7018
16.7018
16.7018
16.7381
16.7018
16.7018
16.7381
16.7018
16.7381
16.7018
16.7018
16.7018
16.7018
16.7018
16.7018
16.7018
16.7018
16.7018
16.7018
16.7381
16.7381
16.7018
16.7018
16.7018
16.7018
16.7018
16.7381
16.7018
16.7018
16.7381
16.7381
16.7018
16.7018
16.7018
16.7018
16.7018
16.7018
16.7018
16.7018
16.7018
16.7381
16.7018
16.7018
16.7381
16.7018
16.7381
16.7018
16.7381
16.7018
16.7018
16.7018
16.7381
16.7018
16.7018
16.7018
16.7381
16.7018
16.7381
16.7018
16.7018
16.7381
16.7018
16.7018
16.7018
16.7018
16.7018
16.7018
16.7381
16.7018
16.7018
16.7381
16.7381
16.7381
16.7018
16.7381
16.7018
16.7381
16.7381
16.7018
16.7018
16.7018
16.7018
16.7018
16.7381
16.7018
16.7018
16.7381
16.7381
16.7381
16.7018
16.7018
16.7018
16.7018
16.7381
16.7381
16.7381
16.7381
16.7381
16.7381
16.7381
16.7381
16.7018
16.7381
16.7018
16.7381
16.7381
16.7381
16.7381
16.7381
16.7381
16.7381
16.7381
16.7381
16.7381
16.7381
16.7381
16.7381
16.7381
16.7381
16.7381
16.7381
16.7381
16.7381
16.7381
16.7381
16.7381
16.7381
16.7381
16.7018
16.7381
16.7381
16.7381
16.7381
16.7381
16.7018
16.7381
16.7381
16.7381
16.7381
16.7381
16.7381
16.7381
16.7381
16.7018
16.7381
16.7381
16.7381
16.7381
16.7018
16.7381
16.7381
16.7381
16.7381
16.7381
16.7018
16.7381
16.7381
16.7381
16.7381
16.7381
16.7381
16.7381
16.7018
16.7381
16.7018
16.7381
16.7018
16.7381
16.7381
16.7381
16.7381
16.7381
16.7381
16.7381
16.7381
16.7381
16.7381
16.7381
16.7381
16.7381
16.7381
16.7381
16.7381
16.7381
16.7381
16.7018
16.7381
16.7381
16.7381
16.7381
16.7381
16.7018
16.7381
16.7381
16.7381
16.7381
16.7381
16.7381
16.7381
16.7381
16.7381
16.7381
16.7381
16.7381
16.7381
16.7381
16.7381
16.7381
16.7381
16.7381
16.7381
16.7381
16.7381
16.7381
16.7381
16.7381
16.7381
16.7381
16.7381
16.7381
16.7381
16.7381
16.7381
16.7381
16.7744
16.7381
16.7381
16.7381
16.7381
16.7381
16.7381
16.7381
16.7381
16.7381
16.7381
16.7381
16.7381
16.7744
16.7381
16.7381
16.7381
16.7381
16.7381
16.7381
16.7381
16.7381
16.7381
16.7381
16.7381
16.7381
16.7381
16.7744
16.7744
16.7744
16.7744
16.7381
16.7744
16.7744
16.7744
16.7744
16.7744
16.7381
16.7381
16.7744
16.7744
16.7744
16.7744
16.7744
16.7744
16.7744
16.7744
16.7744
16.7744
16.7744
16.7744
16.8107
16.7744
16.8107
16.8107
16.7744
16.8107
16.8107
16.7744
16.8107
16.8107
16.8107
16.8107
16.8107
16.8107
16.8107
16.847
16.8107
16.847
16.8107
16.8107
16.847
16.847
16.8107
16.8107
16.847
16.847
16.847
16.847
16.847
16.847
16.847
16.847
16.8833
16.847
16.847
16.847
16.8833
16.8833
16.8833
16.847
16.8833
16.8833
16.8833
16.8833
16.8833
16.9196
16.8833
16.8833
16.9196
16.9196
16.9196
16.8833
16.9196
16.9196
16.9196
16.9196
16.9196
16.9196
16.9196
16.9196
16.8833
16.9559
16.9196
16.9196
16.9559
16.9196
16.9196
16.9196
16.9196
16.9559
16.9196
16.9196
16.9196
16.9196
16.9559
16.9559
16.9196
16.9559
16.9196
16.9559
16.9559
16.9196
16.9196
16.9559
16.9196
16.9559
16.9559
16.9559
16.9559
16.9559
16.9559
16.9559
16.9559
16.9559
16.9559
16.9559
16.9559
16.9559
16.9559
16.9559
16.9559
16.9559
16.9559
16.9559
16.9559
16.9559
16.9559
16.9559
16.9559
16.9559
16.9559
16.9559
16.9559
16.9559
16.9559
16.9559
16.9559
16.9559
16.9559
16.9559
16.9196
16.9559
16.9559
16.9196
16.9559
16.9196
16.9559
16.9196
16.9559
16.9196
16.9196
16.9196
16.9559
16.9559
16.9196
16.9196
16.9559
16.9559
16.9559
16.9196
16.9559
16.9196
16.9196
16.9196
16.9196
16.9559
16.9196
16.9196
16.9196
16.9196
16.9196
16.9196
16.9196
16.9559
16.9196
16.9196
16.9196
16.9196
16.9196
16.9196
16.9196
16.9196
16.9196
16.9196
16.9196
16.9196
16.8833
16.8833
16.9196
16.9196
16.9196
16.9196
16.8833
16.9196
16.9196
16.9196
16.9196
16.8833
16.8833
16.9196
16.8833
16.9196
16.8833
16.9196
16.9196
16.9196
16.9196
16.9196
16.8833
16.8833
16.8833
16.8833
16.8833
16.8833
16.8833
16.8833
16.8833
16.8833
16.8833
16.8833
16.8833
16.8833
16.8833
16.8833
16.847
16.8833
16.847
16.8833
16.8833
16.847
16.8833
16.8833
16.8833
16.8833
16.847
16.847
16.847
16.8833
16.8833
16.847
16.847
16.847
16.847
16.847
16.847
16.847
16.847
16.847
16.847
16.847
16.847
16.847
16.847
16.847
16.847
16.847
16.847
16.8107
16.8107
16.8107
16.847
16.847
16.847
16.8107
16.847
16.847
16.847
16.847
16.8107
16.847
16.847
16.8107
16.847
16.8107
16.847
16.8107
16.847
16.8107
16.8107
16.8107
16.8107
16.847
16.8107
16.8107
16.8107
16.8107
16.8107
16.847
16.8107
16.8107
16.8107
16.8107
16.8107
16.8107
16.8107
16.8107
16.8107
16.847
16.8107
16.8107
16.8107
16.8107
16.8107
16.8107
16.8107
16.8107
16.8107
16.8107
16.8107
16.8107
16.8107
16.8107
16.8107
16.8107
16.8107
16.8107
16.8107
16.8107
16.8107
16.8107
16.8107
16.8107
16.8107
16.8107
16.8107
16.7744
16.8107
16.8107
16.8107
16.8107
16.8107
16.8107
16.8107
16.8107
16.8107
16.8107
16.8107
16.8107
16.8107
16.8107
16.8107
16.7744
16.7744
16.7744
16.8107
16.8107
16.8107
16.8107
16.7744
16.8107
16.8107
16.8107
16.7744
16.7744
16.7744
16.7744
16.8107
16.7744
16.7744
16.8107
16.8107
16.8107
16.8107
16.8107
16.7744
16.8107
16.8107
16.7744
16.8107
16.7744
16.7744
16.7744
16.8107
16.7744
16.7744
16.8107
16.7744
16.8107
16.7744
16.7744
16.8107
16.8107
16.7744
16.8107
16.7744
16.8107
16.7744
16.8107
16.8107
16.7744
16.7744
16.7744
16.7744
16.7744
16.7744
16.7744
16.8107
16.7744
16.7744
16.8107
16.7744
16.8107
16.7744
16.7744
16.8107
16.7744
16.7744
16.7744
16.7744
16.8107
16.7744
16.7744
16.8107
16.7744
16.8107
16.7744
16.8107
16.7744
16.7744
16.7744
16.8107
16.7744
16.7744
16.7744
16.8107
16.8107
16.7744
16.8107
16.7744
16.8107
16.8107
16.8107
16.8107
16.7744
16.8107
16.7744
16.8107
16.8107
16.8107
16.8107
16.7744
16.8107
16.8107
16.7744
16.8107
16.8107
16.8107
16.8107
16.7744
16.8107
16.8107
16.8107
16.8107
16.8107
16.847
16.847
16.8107
16.847
16.8107
16.847
16.8107
16.8107
16.8107
16.8107
16.8107
16.847
16.8107
16.8107
16.847
16.8107
16.847
16.847
16.847
16.847
16.847
16.847
16.847
16.847
16.847
16.847
16.847
16.847
16.847
16.847
16.8833
16.847
16.847
16.847
16.8833
16.847
16.847
16.8833
16.8833
16.8833
16.8833
16.8833
16.8833
16.8833
16.8833
16.8833
16.8833
16.8833
16.8833
16.8833
16.8833
16.8833
16.8833
16.8833
16.8833
16.8833
16.8833
16.8833
16.8833
16.8833
16.8833
16.8833
16.9196
16.8833
16.8833
16.8833
16.8833
16.8833
16.8833
16.8833
16.9196
16.8833
16.8833
16.8833
16.8833
16.8833
16.8833
16.8833
16.8833
16.8833
16.8833
16.8833
16.8833
16.9196
16.8833
16.8833
16.8833
16.8833
16.9196
16.9196
16.8833
16.8833
16.8833
16.8833
16.9196
16.8833
16.8833
16.8833
16.9196
16.9196
16.9196
16.8833
16.8833
16.9196
16.9196
16.8833
16.8833
16.8833
16.8833
16.9196
16.8833
16.8833
16.8833
16.8833
16.8833
16.9196
16.8833
16.8833
16.8833
16.8833
16.8833
16.8833
16.8833
16.9196
16.8833
16.8833
16.9196
16.8833
16.8833
16.8833
16.9196
16.9196
16.8833
16.8833
16.8833
16.8833
16.9196
16.8833
16.8833
16.8833
16.8833
16.8833
16.8833
16.8833
16.8833
16.8833
16.8833
16.8833
16.8833
16.9196
16.8833
16.8833
16.8833
16.8833
16.8833
16.8833
16.8833
16.8833
16.9196
16.8833
16.9196
16.8833
16.8833
16.9196
16.8833
16.8833
16.8833
16.8833
16.8833
16.8833
16.8833
16.8833
16.8833
16.8833
16.8833
16.8833
16.8833
16.8833
16.8833
16.8833
16.847
16.8833
16.8833
16.8833
16.8833
16.8833
16.8833
16.8833
16.847
16.8833
16.8833
16.8833
16.8833
16.8833
16.8833
16.8833
16.847
16.8833
16.847
16.8833
16.8833
16.8833
16.8833
16.847
16.847
16.847
16.8833
16.847
16.8833
16.847
16.847
16.8833
16.847
16.847
16.847
16.847
16.847
16.847
16.847
16.847
16.847
16.847
16.847
16.847
16.847
16.847
16.847
16.847
16.847
16.8107
16.847
16.847
16.847
16.847
16.847
16.8107
16.8107
16.8107
16.847
16.8107
16.847
16.8107
16.847
16.847
16.847
16.8107
16.847
16.8107
16.847
16.8107
16.8107
16.8107
16.8107
16.8107
16.847
16.847
16.8107
16.8107
16.8107
16.8107
16.8107
16.8107
16.8107
16.8107
16.8107
16.8107
16.8107
16.8107
16.8107
16.8107
16.8107
16.8107
16.8107
16.8107
16.8107
16.8107
16.8107
16.7744
16.8107
16.8107
16.8107
16.8107
16.8107
16.8107
16.7744
16.8107
16.7744
16.8107
16.7744
16.7744
16.8107
16.8107
16.8107
16.7744
16.8107
16.8107
16.7744
16.8107
16.8107
16.7744
16.7744
16.7744
16.8107
16.7744
16.7744
16.7744
16.7744
16.8107
16.7744
16.7744
16.7744
16.7744
16.7744
16.7744
16.7744
16.7744
16.7744
16.7744
16.7744
16.8107
16.7744
16.7744
16.7744
16.7744
16.7744
16.7744
16.7744
16.7744
16.7744
16.7744
16.7744
16.7744
16.7744
16.7744
16.7744
16.7381
16.7744
16.7744
16.7744
16.7744
16.7744
16.7744
16.7744
16.7744
16.7744
16.7744
16.7744
16.7744
16.7744
16.7744
16.7744
16.7381
16.7381
16.7744
16.7381
16.7744
16.7744
16.7381
16.7381
16.7744
16.7744
16.7744
16.7381
16.7381
16.7744
16.7381
16.7744
16.7744
16.7381
16.7744
16.7744
16.7744
16.7744
16.7744
16.7381
16.7744
16.7381
16.7744
16.7744
16.7381
16.7381
16.7744
16.7744
16.7381
16.7381
16.7381
16.7381
16.7744
16.7381
16.7381
16.7381
16.7744
16.7744
16.7381
16.7381
16.7381
16.7381
16.7381
16.7381
16.7381
16.7381
16.7381
16.7381
16.7381
16.7381
16.7744
16.7381
16.7381
16.7381
16.7381
16.7381
16.7381
16.7381
16.7381
16.7381
16.7381
16.7381
16.7381
16.7381
16.7381
16.7381
16.7381
16.7744
16.7381
16.7744
16.7381
16.7744
16.7381
16.7381
16.7381
16.7744
16.7381
16.7381
16.7381
16.7744
16.7381
16.7381
16.7381
16.7381
16.7381
16.7744
16.7381
16.7381
16.7381
16.7381
16.7381
16.7744
16.7381
16.7381
16.7381
16.7381
16.7744
16.7381
16.7381
16.7744
16.7381
16.7744
16.7744
16.7744
16.7744
16.7744
16.7744
16.7744
16.7381
16.7744
16.7744
16.7744
16.7744
16.7744
16.7744
16.7744
16.7744
16.7744
16.7744
16.7744
16.7744
16.7744
16.7744
16.7744
16.7744
16.7744
16.7744
16.7744
16.7744
16.7744
16.7744
16.7744
16.7744
16.7744
16.7744
16.7744
16.7744
16.7744
16.7744
16.7744
16.7744
16.7744
16.7744
16.8107
16.8107
16.7744
16.7744
16.7744
16.8107
16.8107
16.7744
16.7744
16.7744
16.7744
16.7744
16.8107
16.7744
16.8107
16.7744
16.7744
16.7744
16.8107
16.7744
16.8107
16.7744
16.8107
16.7744
16.7744
16.7744
16.8107
16.7744
16.7744
16.7744
16.8107
16.8107
16.7744
16.8107
16.7744
16.7744
16.8107
16.8107
16.8107
16.8107
16.7744
16.8107
16.7744
16.8107
16.8107
16.7744
16.7744
16.8107
16.7744
16.7744
16.7744
16.7744
16.7744
16.8107
16.7744
16.7744
16.8107
16.7744
16.7744
16.7744
16.8107
16.7744
16.7744
16.7744
16.7744
16.8107
16.7744
16.7744
16.7744
16.7744
16.7744
16.8107
16.7744
16.7744
16.7744
16.7744
16.8107
16.7744
16.7744
16.8107
16.7744
16.8107
16.7744
16.7744
16.7744
16.7744
16.7744
16.7744
16.7744
16.7744
16.8107
16.7744
16.7744
16.7744
16.7744
16.7744
16.7744
16.8107
16.7744
16.7744
16.7744
16.7744
16.7744
16.7744
16.7744
16.7744
16.7744
16.7744
16.7744
16.7744
16.7744
16.7744
16.7744
16.7744
16.7381
16.7744
16.7744
16.7744
16.7744
16.7744
16.7744
16.7381
16.7381
16.7744
16.7744
16.7744
16.7744
16.7744
16.7744
16.7744
16.7381
16.7381
16.7381
16.7744
16.7381
16.7744
16.7381
16.7381
16.7381
16.7381
16.7744
16.7381
16.7381
16.7381
16.7381
16.7381
16.7381
16.7381
16.7744
16.7381
16.7744
16.7744
16.7381
16.7744
16.7381
16.7744
16.7381
16.7744
16.7381
16.7381
16.7381
16.7744
16.7381
16.7381
16.7381
16.7381
16.7381
16.7381
16.7381
16.7381
16.7381
16.7381
16.7381
16.7381
16.7381
16.7381
16.7381
16.7381
16.7381
16.7744
16.7381
16.7381
16.7381
16.7381
16.7381
16.7381
16.7744
16.7381
16.7744
16.7744
16.7744
16.7744
16.7744
16.7744
16.7744
16.7744
16.7744
16.7744
16.7744
16.7744
16.7744
16.7744
16.8107
16.7744
16.8107
16.7744
16.8107
16.8107
16.847
16.847
16.847
16.847
16.847
16.847
16.847
16.8833
16.8833
16.8833
16.8833
16.8833
16.8833
16.8833
16.9196
16.9196
16.9196
16.9559
16.9196
16.9559
16.9559
16.9922
16.9922
16.9922
16.9922
16.9922
16.9922
16.9922
17.0285
17.0285
17.0285
17.0285
17.0648
17.0648
17.0285
17.0648
17.0648
17.1011
17.1011
17.1011
17.1011
17.1011
17.1011
17.1011
17.1374
17.1374
17.1374
17.1374
17.1737
17.1737
17.1737
17.1737
17.1737
17.1737
17.1737
17.21
17.1737
17.1737
17.21
17.21
17.21
17.21
17.21
17.21
17.21
17.2463
17.21
17.21
17.21
17.2463
17.2463
17.2463
17.2463
17.2463
17.2463
17.2463
17.2826
17.2463
17.2463
17.2463
17.2826
17.2463
17.2463
17.2463
17.2463
17.2463
17.2826
17.2826
17.2826
17.2463
17.2826
17.2463
17.2826
17.2463
17.2826
17.2826
17.2826
17.2826
17.2826
17.2826
17.2826
17.2826
17.2826
17.2826
17.2826
17.2826
17.2826
17.2826
17.2463
17.2826
17.2463
17.2826
17.2826
17.2826
17.2826
17.2463
17.2826
17.2463
17.2463
17.2826
17.2463
17.2826
17.2463
17.2463
17.2826
17.2463
17.2463
17.2463
17.2463
17.2463
17.2463
17.2463
17.2463
17.2463
17.2463
17.2463
17.2463
17.2463
17.21
17.21
17.2463
17.2463
17.21
17.21
17.21
17.21
17.21
17.21
17.21
17.21
17.21
17.21
17.21
17.21
17.21
17.21
17.21
17.1737
17.1737
17.1737
17.1737
17.1737
17.1737
17.1737
17.1737
17.1737
17.1737
17.1737
17.1737
17.1374
17.1374
17.1374
17.1374
17.1011
17.1374
17.1374
17.1374
17.1374
17.1011
17.1374
17.1374
17.1374
17.1374
17.1374
17.1011
17.1011
17.1011
17.1011
17.1011
17.0648
17.0648
17.1011
17.1011
17.1011
17.0648
17.0648
17.0648
17.0648
17.0648
17.0648
17.0648
17.0285
17.0285
17.0648
17.0285
17.0285
17.0285
17.0285
17.0285
17.0285
17.0285
16.9922
17.0285
16.9922
16.9922
16.9922
16.9922
16.9922
16.9922
16.9922
16.9922
16.9922
16.9559
16.9559
16.9922
16.9922
16.9559
16.9559
16.9559
16.9559
16.9559
16.9559
16.9559
16.9559
16.9196
16.9196
16.9196
16.9196
16.9196
16.9196
16.9196
16.9196
16.9196
16.8833
16.9196
16.8833
16.9196
16.8833
16.8833
16.8833
16.9196
16.8833
16.8833
16.8833
16.8833
16.8833
16.8833
16.8833
16.8833
16.8833
16.847
16.8833
16.8833
16.847
16.847
16.847
16.8107
16.847
16.847
16.847
16.847
16.8107
16.8107
16.8107
16.8107
16.8107
16.847
16.8107
16.8107
16.8107
16.8107
16.8107
16.8107
16.8107
16.8107
16.8107
16.7744
16.8107
16.7744
16.8107
16.7744
16.7744
16.7744
16.8107
16.7744
16.7744
16.7744
16.7744
16.7744
16.7744
16.7744
16.7744
16.7381
16.7744
16.7381
16.7744
16.7381
16.7744
16.7744
16.7381
16.7381
16.7744
16.7381
16.7381
16.7381
16.7381
16.7381
16.7381
16.7381
16.7381
16.7381
16.7381
16.7381
16.7381
16.7018
16.7381
16.7381
16.7381
16.7018
16.7018
16.7018
16.7381
16.7381
16.7018
16.7381
16.7018
16.7018
16.7018
16.7018
16.7018
16.7018
16.7018
16.7381
16.7018
16.7018
16.7018
16.7018
16.7018
16.7018
16.7018
16.7018
16.7018
16.7018
16.7018
16.6655
16.7018
16.7018
16.6655
16.7018
16.7018
16.6655
16.6655
16.6655
16.6655
16.7018
16.6655
16.7018
16.6655
16.6655
16.7018
16.6655
16.6655
16.6655
16.6655
16.6655
16.6655
16.6655
16.6655
16.6655
16.6655
16.6655
16.6655
16.6655
16.6655
16.6655
16.6655
16.6655
16.6292
16.6655
16.6655
16.6655
16.6655
16.6655
16.6655
16.6655
16.6655
16.6655
16.6292
16.6292
16.6655
16.6292
16.6655
16.6292
16.6292
16.6292
16.6292
16.6655
16.6655
16.6292
16.6292
16.6292
16.6655
16.6292
16.6292
16.6655
16.6292
16.6292
16.6292
16.6292
16.6292
16.6292
16.6292
16.6292
16.6292
16.6655
16.6292
16.6292
16.6292
16.6292
16.6292
16.6292
16.6292
16.6292
16.6292
16.6292
16.6292
16.6292
16.6292
16.6292
16.6292
16.6292
16.6655
16.6292
16.6292
16.6292
16.6292
16.6292
16.5929
16.6292
16.6292
16.5929
16.5929
16.6292
16.6292
16.6292
16.6292
16.5929
16.6292
16.6292
16.6292
16.5929
16.5929
16.6292
16.5929
16.5929
16.6292
16.5929
16.5929
16.5929
16.5929
16.6292
16.6292
16.5929
16.5929
16.6292
16.5929
16.5929
16.5929
16.5929
16.5929
16.5929
16.5929
16.5929
16.6292
16.5929
16.5929
16.5929
16.5929
16.5929
16.5929
16.5929
16.6292
16.6292
16.5929
16.6292
16.5929
16.5929
16.6292
16.5929
16.5929
16.5929
16.5929
16.5929
16.5929
16.5929
16.5929
16.5929
16.5929
16.5929
16.5929
16.5929
16.5929
16.5929
16.5929
16.5929
16.5929
16.5929
16.5929
16.5929
16.5929
16.5929
16.5929
16.5929
16.5929
16.5929
16.5566
16.5929
16.5929
16.5929
16.5929
16.5929
16.5566
16.5929
16.5929
16.5929
16.5929
16.5566
16.5929
16.5929
16.5566
16.5929
16.5566
16.5929
16.5929
16.5929
16.5929
16.5566
16.5566
16.5929
16.5929
16.5929
16.5566
16.5566
16.5929
16.5566
16.5929
16.5929
16.5566
16.5929
16.5566
16.5566
16.5929
16.5566
16.5929
16.5929
16.5566
16.5929
16.5929
16.5566
16.5566
16.5566
16.5929
16.5566
16.5929
16.5929
16.5566
16.5566
16.5929
16.5566
16.5566
16.5929
16.5566
16.5566
16.5566
16.5929
16.5566
16.5566
16.5929
16.5566
16.5566
16.5566
16.5566
16.5566
16.5566
16.5929
16.5929
16.5566
16.5566
16.5566
16.5566
16.5929
16.5566
16.5566
16.5566
16.5566
16.5566
16.5566
16.5566
16.5566
16.5566
16.5566
16.5203
16.5566
16.5566
16.5566
16.5929
16.5566
16.5566
16.5566
16.5566
16.5566
16.5929
16.5566
16.5566
16.5566
16.5566
16.5566
16.5566
16.5566
16.5566
16.5566
16.5566
16.5566
16.5566
16.5566
16.5566
16.5566
16.5566
16.5566
16.5566
16.5566
16.5566
16.5566
16.5566
16.5566
16.5566
16.5566
16.5566
16.5566
16.5566
16.5566
16.5566
16.5566
16.5566
16.5566
16.5566
16.5566
16.5566
16.5566
16.5566
16.5566
16.5566
16.5566
16.5566
16.5566
16.5566
16.5566
16.5203
16.5566
16.5203
16.5203
16.5203
16.5566
16.5566
16.5566
16.5203
16.5203
16.5203
16.5566
16.5566
16.5203
16.5566
16.5566
16.5203
16.5566
16.5203
16.5203
16.5203
16.5566
16.5566
16.5203
16.5203
16.5566
16.5203
16.5566
16.5566
16.5566
16.5566
16.5566
16.5203
16.5566
16.5203
16.5203
16.5566
16.5203
16.5566
16.5203
16.5203
16.5566
16.5203
16.5566
16.5203
16.5566
16.5566
16.5203
16.5566
16.5566
16.5203
16.5203
16.5203
16.5203
16.5566
16.5566
16.5203
16.5203
16.5203
16.5203
16.5203
16.484
16.5203
16.5203
16.5203
16.5203
16.5203
16.5203
16.5203
16.5203
16.5566
16.5203
16.5566
16.5203
16.5203
16.5203
16.5203
16.5203
16.5203
16.5203
16.5203
16.5203
16.5203
16.5203
16.5203
16.5203
16.5203
16.5203
16.5203
16.5203
16.5203
16.5203
16.5203
16.5203
16.5203
16.5203
16.5203
16.5203
16.5203
16.5203
16.5203
16.5203
16.5203
16.5203
16.5203
16.5203
16.5203
16.5203
16.5203
16.5203
16.5203
16.5203
16.5203
16.5203
16.5203
16.5203
16.484
16.5203
16.5203
16.5203
16.5203
16.5203
16.5203
16.5203
16.5203
16.5203
16.484
16.5203
16.5203
16.5203
16.484
16.5203
16.5203
16.484
16.5203
16.5203
16.5203
16.5203
16.484
16.5203
16.5203
16.5203
16.484
16.5203
16.5203
16.5203
16.5203
16.484
16.5203
16.484
16.5203
16.484
16.5203
16.5203
16.484
16.5203
16.5203
16.484
16.484
16.484
16.5203
16.5203
16.484
16.484
16.484
16.484
16.5203
16.5203
16.5203
16.5203
16.5203
16.5203
16.5203
16.484
16.5203
16.484
16.484
16.5203
16.484
16.5203
16.484
16.484
16.484
16.5203
16.484
16.484
16.484
16.484
16.5203
16.484
16.484
16.484
16.484
16.5203
16.484
16.5203
16.484
16.5203
16.5203
16.484
16.5203
16.484
16.484
16.5203
16.484
16.484
16.484
16.484
16.484
16.5203
16.5203
16.5203
16.5203
16.5203
16.5203
16.5203
16.484
16.5203
16.5203
16.5203
16.5203
16.484
16.5203
16.5203
16.5203
16.5566
16.5203
16.5566
16.5203
16.5566
16.5566
16.5203
16.5566
16.5566
16.5566
16.5566
16.5566
16.5566
16.5566
16.5566
16.5929
16.5929
16.5929
16.5929
16.5929
16.6292
16.6292
16.5929
16.6292
16.6292
16.6292
16.6292
16.6292
16.6655
16.6655
16.6655
16.6655
16.7018
16.7018
16.7018
16.7018
16.7018
16.7381
16.7018
16.7381
16.7381
16.7381
16.7744
16.7744
16.7744
16.7744
16.7744
16.8107
16.8107
16.8107
16.8107
16.8107
16.847
16.847
16.847
16.847
16.8833
16.8833
16.8833
16.8833
16.9196
16.8833
16.9196
16.9196
16.9196
16.9559
16.9559
16.9559
16.9559
16.9559
16.9559
16.9559
16.9922
16.9559
16.9922
16.9922
16.9922
16.9922
16.9922
17.0285
17.0285
16.9922
17.0285
17.0285
17.0285
17.0648
17.0285
17.0285
17.0285
17.0648
17.0648
17.0648
17.0648
17.1011
17.0648
17.0648
17.1011
17.0648
17.0648
17.1011
17.1011
17.1011
17.1011
17.1011
17.1011
17.1374
17.1374
17.1374
17.1374
17.1374
17.1374
17.1374
17.1737
17.1737
17.1737
17.1737
17.1374
17.1737
17.1737
17.1737
17.1737
17.1737
17.1737
17.1737
17.1737
17.21
17.1737
17.21
17.21
17.21
17.21
17.21
17.21
17.21
17.21
17.21
17.21
17.2463
17.2463
17.2463
17.2463
17.21
17.21
17.2463
17.2463
17.2463
17.2463
17.2463
17.2463
17.2463
17.2463
17.2463
17.2463
17.2463
17.2463
17.2463
17.2463
17.2463
17.2463
17.2463
17.2463
17.2463
17.2463
17.2463
17.21
17.2463
17.2463
17.2463
17.2463
17.2463
17.2463
17.2463
17.2463
17.2463
17.2463
17.2463
17.2463
17.2463
17.2463
17.21
17.21
17.2463
17.21
17.21
17.21
17.21
17.21
17.21
17.21
17.21
17.21
17.21
17.21
17.21
17.21
17.1737
17.1737
17.21
17.1737
17.1737
17.1737
17.1737
17.1737
17.1737
17.1737
17.1737
17.1374
17.1374
17.1374
17.1374
17.1374
17.1374
17.1011
17.1374
17.1011
17.1374
17.1011
17.1011
17.1011
17.1011
17.1011
17.1011
17.1011
17.1011
17.1011
17.0648
17.1011
17.0648
17.0648
17.0648
17.0285
17.0285
17.0285
17.0648
17.0285
17.0285
17.0285
17.0285
16.9922
16.9922
17.0285
17.0285
16.9922
16.9922
16.9922
16.9922
16.9559
16.9559
16.9559
16.9559
16.9559
16.9559
16.9559
16.9196
16.9196
16.9559
16.9196
16.9196
16.9196
16.9196
16.9196
16.9196
16.9196
16.8833
16.9196
16.8833
16.9196
16.8833
16.8833
16.8833
16.847
16.8833
16.8833
16.847
16.847
16.847
16.847
16.8833
16.847
16.847
16.847
16.847
16.847
16.8107
16.8107
16.8107
16.8107
16.8107
16.8107
16.8107
16.8107
16.8107
16.7744
16.8107
16.7744
16.7744
16.7744
16.7744
16.7744
16.7744
16.7381
16.7744
16.7744
16.7744
16.7744
16.7381
16.7381
16.7381
16.7381
16.7381
16.7018
16.7381
16.7381
16.7381
16.7018
16.7018
16.7018
16.7018
16.7018
16.7018
16.7018
16.7018
16.7018
16.6655
16.7018
16.7018
16.7018
16.6655
16.7018
16.6655
16.6655
16.6655
16.6655
16.6655
16.6655
16.6655
16.6655
16.6292
16.6292
16.6292
16.6655
16.6292
16.6292
16.6292
16.6292
16.6292
16.6292
16.6292
16.6292
16.6292
16.6292
16.6292
16.6292
16.6292
16.6292
16.5929
16.6292
16.6292
16.5929
16.5929
16.5929
16.5929
16.5929
16.5929
16.5929
16.5929
16.5566
16.5566
16.5929
16.5929
16.5929
16.5566
16.5566
16.5929
16.5566
16.5566
16.5566
16.5566
16.5566
16.5929
16.5566
16.5566
16.5566
16.5566
16.5566
16.5566
16.5566
16.5566
16.5566
16.5566
16.5203
16.5566
16.5566
16.5566
16.5566
16.5566
16.5203
16.5566
16.5203
16.5203
16.5566
16.5203
16.5203
16.5203
16.5203
16.5203
16.5203
16.5203
16.5203
16.5203
16.5203
16.5203
16.5203
16.5203
16.5203
16.5203
16.5203
16.5203
16.5203
16.5203
16.5203
16.5203
16.484
16.484
16.484
16.484
16.5203
16.5203
16.484
16.484
16.484
16.484
16.5203
16.5203
16.484
16.484
16.484
16.484
16.484
16.484
16.484
16.484
16.484
16.484
16.4477
16.484
16.4477
16.484
16.484
16.484
16.4477
16.484
16.4477
16.484
16.4477
16.4477
16.4477
16.4477
16.4477
16.484
16.4477
16.4477
16.4477
16.4477
16.4477
16.4477
16.4477
16.4477
16.4477
16.4477
16.4477
16.4477
16.4477
16.4477
16.4477
16.4477
16.4477
16.4477
16.4114
16.4477
16.4477
16.4114
16.4477
16.4477
16.4477
16.4477
16.4114
16.4114
16.4114
16.4477
16.4477
16.4477
16.4114
16.4114
16.4114
16.4114
16.4477
16.4477
16.4114
16.4114
16.4114
16.4477
16.4114
16.4114
16.4114
16.4114
16.4477
16.4114
16.4114
16.4114
16.4114
16.4114
16.4114
16.3751
16.4114
16.4114
16.4114
16.4114
16.3751
16.3751
16.4114
16.4114
16.4114
16.4114
16.4114
16.4114
16.4114
16.4114
16.4114
16.4114
16.4114
16.3751
16.4114
16.4114
16.4114
16.3751
16.4114
16.3751
16.3751
16.4114
16.3751
16.3751
16.3751
16.3751
16.4114
16.3751
16.3751
16.4114
16.4114
16.4114
16.3751
16.3751
16.3751
16.4114
16.3751
16.3751
16.3751
16.3751
16.3751
16.3751
16.3751
16.4114
16.3751
16.3751
16.3751
16.3751
16.3751
16.3751
16.3751
16.3751
16.3751
16.3751
16.3751
16.3751
16.3751
16.3751
16.3751
16.3751
16.3751
16.3751
16.3388
16.3751
16.3751
16.3751
16.3751
16.3751
16.3751
16.3751
16.3751
16.3751
16.3751
16.3751
16.3751
16.3388
16.3751
16.3751
16.3751
16.3751
16.3751
16.3751
16.3751
16.3751
16.3751
16.3751
16.3751
16.3751
16.3751
16.3751
16.3751
16.3751
16.3751
16.3751
16.3751
16.3751
16.3388
16.3751
16.3751
16.3751
16.3751
16.3751
16.3751
16.3751
16.3751
16.3751
16.3751
16.3751
16.3751
16.3751
16.3751
16.3751
16.3751
16.3751
16.3751
16.3751
16.3751
16.4114
16.3751
16.3751
16.3751
16.3751
16.3751
16.3751
16.3751
16.3751
16.4114
16.4114
16.3751
16.3751
16.4114
16.4114
16.4114
16.4114
16.4114
16.4114
16.4114
16.4114
16.4477
16.4114
16.4477
16.4114
16.4114
16.4477
16.4114
16.4477
16.4477
16.4477
16.4477
16.4477
16.4477
16.4477
16.4477
16.4477
16.4477
16.4477
16.4477
16.4477
16.484
16.484
16.4477
16.484
16.484
16.484
16.484
16.484
16.5203
16.484
16.484
16.484
16.5203
16.5203
16.5203
16.484
16.5203
16.5203
16.5203
16.5203
16.5203
16.5203
16.5566
16.5203
16.5566
16.5566
16.5566
16.5566
16.5566
16.5566
16.5566
16.5566
16.5566
16.5566
16.5566
16.5566
16.5929
16.5929
16.5929
16.5929
16.5929
16.5929
16.5929
16.5929
16.6292
16.5929
16.5929
16.5929
16.5929
16.6292
16.5929
16.6655
16.5929
16.6292
16.6292
16.6292
16.6292
16.6292
16.6292
16.6292
16.6655
16.6292
16.6292
16.6655
16.6292
16.6655
16.6655
16.6292
16.6655
16.6655
16.6655
16.6655
16.6655
16.6655
16.6655
16.6655
16.6655
16.6655
16.6292
16.6655
16.6655
16.6655
16.6655
16.6655
16.6655
16.6655
16.6655
16.6655
16.6655
16.6655
16.6655
16.6655
16.6655
16.6655
16.6655
16.6655
16.6655
16.6655
16.6655
16.7018
16.6655
16.6655
16.6655
16.6655
16.6655
16.6655
16.6655
16.6655
16.6655
16.6655
16.6655
16.6655
16.6655
16.6655
16.6655
16.6655
16.6655
16.6655
16.6655
16.6655
16.6655
16.6655
16.6655
16.6655
16.6655
16.6655
16.6655
16.6655
16.6655
16.6655
16.6655
16.6292
16.6292
16.6655
16.6292
16.6655
16.6655
16.6655
16.6655
16.6292
16.6292
16.6292
16.6655
16.6292
16.6292
16.6655
16.6292
16.6292
16.6292
16.6292
16.6292
16.6292
16.6292
16.6292
16.6292
16.6292
16.6292
16.5929
16.5929
16.6292
16.6292
16.6292
16.5929
16.6292
16.6292
16.6292
16.5929
16.5929
16.5929
16.5929
16.5929
16.5929
16.5929
16.5929
16.5929
16.5929
16.5929
16.5929
16.5929
16.5929
16.5929
16.5929
16.5929
16.5929
16.5566
16.5929
16.5929
16.5566
16.5566
16.5566
16.5566
16.5566
16.5566
16.5566
16.5566
16.5566
16.5566
16.5566
16.5566
16.5566
16.5566
16.5203
16.5566
16.5566
16.5566
16.5566
16.5203
16.5203
16.5203
16.5203
16.5203
16.5203
16.5203
16.5203
16.5203
16.5203
16.484
16.5203
16.5203
16.5203
16.5203
16.484
16.484
16.5203
16.5203
16.5203
16.484
16.484
16.484
16.484
16.484
16.484
16.484
16.484
16.484
16.484
16.484
16.484
16.484
16.484
16.484
16.484
16.4477
16.484
16.4477
16.484
16.484
16.4477
16.484
16.4477
16.4477
16.4477
16.4477
16.4477
16.4477
16.4477
16.4477
16.4477
16.4114
16.4114
16.4477
16.4477
16.4477
16.4477
16.4477
16.4114
16.4114
16.4477
16.4477
16.4114
16.4114
16.4114
16.4114
16.4114
16.4114
16.3751
16.4114
16.4114
16.4114
16.4114
16.4114
16.4114
16.4114
16.3751
16.4114
16.4114
16.4114
16.4114
16.4114
16.4114
16.3751
16.3751
16.4114
16.3751
16.4114
16.4114
16.3751
16.3751
16.3751
16.3751
16.3751
16.3751
16.4114
16.3751
16.3751
16.4114
16.3751
16.3751
16.3751
16.3751
16.3751
16.3751
16.3751
16.3751
16.3751
16.3751
16.3751
16.3751
16.3751
16.3751
16.3751
16.3751
16.3751
16.3751
16.3751
16.3751
16.3751
16.3751
16.3751
16.3751
16.3751
16.3751
16.3751
16.3751
16.3751
16.4114
16.3751
16.4114
16.3751
16.4114
16.4114
16.4114
16.4114
16.4114
16.4114
16.4114
16.4114
16.4114
16.4477
16.4477
16.4477
16.4477
16.484
16.484
16.484
16.5203
16.5203
16.5203
16.5566
16.5566
16.5566
16.5566
16.5929
16.5929
16.6292
16.6292
16.6655
16.6655
16.6655
16.7018
16.7018
16.7018
16.7381
16.7381
16.7744
16.7744
16.8107
16.8107
16.847
16.847
16.9196
16.9196
16.9196
16.9559
16.9559
