13.336
13.3258
13.336
13.3258
13.3309
13.3309
13.336
13.3207
13.3309
13.3258
13.3309
13.3309
13.3309
13.3258
13.3309
13.3309
13.336
13.3258
13.3258
13.3309
13.336
13.3309
13.3309
13.3309
13.3258
13.3309
13.3309
13.336
13.3258
13.3309
13.3258
13.3309
13.3309
13.3309
13.3207
13.3258
13.3258
13.3309
13.3258
13.3258
13.3258
13.3309
13.3207
13.3309
13.3207
13.3258
13.3258
13.3309
13.3309
13.3258
13.3207
13.3258
13.3258
13.336
13.3258
13.3258
13.3258
13.3309
13.3258
13.3309
13.3258
13.3258
13.3309
13.3309
13.3309
13.3207
13.3258
13.3258
13.3309
13.3309
13.3309
13.3207
13.3258
13.3258
13.3258
13.3258
13.3258
13.3258
13.3258
13.3258
13.336
13.3207
13.3258
13.3258
13.3309
13.3258
13.3309
13.3207
13.336
13.3258
13.3309
13.3309
13.336
13.3258
13.3309
13.3309
13.3309
13.3258
13.3258
13.336
13.3309
13.336
13.336
13.3258
13.3309
13.3309
13.3309
13.336
13.3309
13.3309
13.3258
13.3309
13.3309
13.3309
13.3309
13.3309
13.3258
13.336
13.3309
13.3258
13.3309
13.3309
13.3258
13.336
13.3258
13.3309
13.3258
13.3309
13.3309
13.336
13.3258
13.336
13.3309
13.336
13.3309
13.3309
13.3258
13.336
13.3309
13.336
13.336
13.3309
13.3258
13.3309
13.3309
13.3258
13.3309
13.336
13.3309
13.3309
13.3309
13.3258
13.3309
13.3309
13.3309
13.3309
13.3309
13.3258
13.336
13.3309
13.336
13.3258
13.3309
13.3309
13.336
13.3309
13.336
13.3258
13.3411
13.3309
13.336
13.3309
13.3309
13.3258
13.3309
13.3258
13.336
13.3258
13.3309
13.3309
13.336
13.336
13.336
13.3309
13.3309
13.3309
13.3258
13.3309
13.3258
13.3258
13.3258
13.3309
13.3309
13.3258
13.3207
13.3309
13.3258
13.336
13.3258
13.3258
13.3309
13.3309
13.3258
13.3309
13.3309
13.3309
13.3207
13.3309
13.3258
13.3258
13.3258
13.336
13.3258
13.3309
13.3207
13.3309
13.3258
13.3258
13.3258
13.3309
13.3258
13.3309
13.3309
13.3309
13.3309
13.3207
13.3258
13.3309
13.3309
13.3258
13.3309
13.3258
13.3258
13.3207
13.3258
13.3258
13.3258
13.3258
13.3258
13.3207
13.3309
13.3207
13.3258
13.3207
13.3258
13.3309
13.3309
13.3207
13.336
13.3258
13.3309
13.3309
13.3258
13.3258
13.3258
13.3258
13.3309
13.3258
13.3258
13.3207
13.3309
13.3258
13.3309
13.3309
13.3258
13.3207
13.3258
13.3258
13.3258
13.3207
13.3258
13.3258
13.3258
13.3207
13.3207
13.3258
13.3258
13.3309
13.3207
13.3258
13.3207
13.3258
13.3207
13.3258
13.3207
13.3309
13.3156
13.3258
13.3258
13.3258
13.3207
13.3309
13.3156
13.3309
13.3207
13.3258
13.3207
13.3258
13.3156
13.3258
13.3207
13.3258
13.3207
13.3258
13.3258
13.3258
13.3156
13.3258
13.3258
13.3258
13.3207
13.3258
13.3258
13.3258
13.3207
13.3258
13.3258
13.3156
13.3207
13.3207
13.3258
13.3207
13.3156
13.3207
13.3258
13.3207
13.3258
13.3105
13.3207
13.3207
13.3207
13.3207
13.3258
13.3156
13.3258
13.3207
13.3309
13.3156
13.3207
13.3156
13.3258
13.3258
13.3258
13.3156
13.3258
13.3207
13.3258
13.3207
13.3309
13.3156
13.3258
13.3207
13.3258
13.3207
13.3156
13.3207
13.3207
13.3258
13.3207
13.3207
13.3207
13.3258
13.3207
13.3258
13.3156
13.3207
13.3156
13.3207
13.3207
13.3207
13.3156
13.3207
13.3156
13.3258
13.3207
13.3207
13.3207
13.3207
13.3156
13.3258
13.3156
13.3207
13.3156
13.3207
13.3207
13.3207
13.3207
13.3207
13.3156
13.3207
13.3156
13.3156
13.3156
13.3156
13.3156
13.3207
13.3207
13.3309
13.3207
13.3258
13.336
13.3309
13.3309
13.336
13.336
13.3309
13.3309
13.336
13.3309
13.3258
13.3309
13.3309
13.3309
13.3258
13.336
13.3309
13.3411
13.3309
13.336
13.3309
13.336
13.3309
13.3411
13.3309
13.3411
13.3309
13.336
13.3309
13.3309
13.3309
13.336
13.3309
13.336
13.3309
13.3309
13.336
13.336
13.336
13.336
13.336
13.336
13.336
13.3309
13.3411
13.336
13.336
13.336
13.3411
13.3411
13.336
13.3309
13.336
13.336
13.3411
13.3411
13.336
13.3309
13.3411
13.3309
13.3411
13.336
13.336
13.336
13.3411
13.336
13.3309
13.3309
13.336
13.336
13.3411
13.336
13.336
13.3309
13.336
13.336
13.3411
13.3309
13.336
13.336
13.336
13.336
13.3309
13.3309
13.3309
13.3309
13.3309
13.3309
13.3207
13.3258
13.3207
13.3207
13.3207
13.3207
13.3156
13.3207
13.3156
13.3258
13.3156
13.3105
13.3156
13.3156
13.3105
13.3156
13.3054
13.3156
13.3054
13.3105
13.3105
13.3054
13.3156
13.3054
13.3054
13.3156
13.3003
13.3003
13.3054
13.3105
13.3105
13.3105
13.3105
13.3054
13.3105
13.3105
13.3105
13.3054
13.3054
13.3054
13.3054
13.3054
13.3054
13.3003
13.3105
13.3054
13.3156
13.3054
13.3105
13.3003
13.3105
13.2952
13.3156
13.2952
13.3105
13.3054
13.3105
13.3105
13.3105
13.3054
13.3156
13.3054
13.3156
13.3105
13.3207
13.3105
13.3207
13.3156
13.3309
13.3105
13.3309
13.3258
13.3309
13.3309
13.3258
13.3309
13.3411
13.336
13.3462
13.3513
13.3462
13.3513
13.3513
13.3666
13.3615
13.3819
13.3717
13.3819
13.3768
13.3972
13.387
13.4023
13.3972
13.4176
13.4176
13.4329
13.4227
13.4431
13.4431
13.4584
13.4584
13.4788
13.4737
13.4941
13.4941
13.5145
13.5094
13.5247
13.5349
13.5502
13.5553
13.5706
13.5757
13.591
13.5961
13.6063
13.6216
13.6318
13.6471
13.6522
13.6675
13.6777
13.693
13.693
13.7185
13.7236
13.7491
13.7491
13.7695
13.7695
13.795
13.8001
13.8256
13.8256
13.8562
13.8511
13.8817
13.8817
13.9021
13.9021
13.9276
13.9327
13.9582
13.9582
13.9786
13.9888
14.0041
14.0092
14.0347
14.0347
14.0602
14.0653
14.0857
14.0959
14.1061
14.1163
14.1316
14.1469
14.1622
14.1724
14.1775
14.1979
14.203
14.2183
14.2285
14.2489
14.2438
14.2642
14.2642
14.2897
14.2846
14.2999
14.305
14.3305
14.3254
14.3458
14.3356
14.3713
14.3611
14.3815
14.3815
14.3968
14.3968
14.4121
14.4121
14.4376
14.4274
14.4478
14.4427
14.458
14.4631
14.4784
14.4784
14.4886
14.4886
14.4988
14.5039
14.509
14.5192
14.5192
14.5294
14.5345
14.5345
14.5447
14.5498
14.5498
14.56
14.5549
14.5651
14.56
14.5753
14.5702
14.5804
14.5753
14.5855
14.5804
14.5957
14.5906
14.6008
14.5957
14.6059
14.5906
14.611
14.6008
14.611
14.6008
14.6161
14.6059
14.6161
14.6059
14.6263
14.6161
14.6212
14.6161
14.6212
14.611
14.6212
14.6161
14.6263
14.6161
14.6161
14.6161
14.6161
14.6212
14.6161
14.6161
14.611
14.611
14.611
14.6212
14.6059
14.6161
14.6008
14.611
14.6059
14.6059
14.5957
14.6059
14.5906
14.6008
14.5957
14.6008
14.5855
14.5957
14.5855
14.5957
14.5804
14.5855
14.5804
14.5906
14.5753
14.5855
14.5702
14.5855
14.5702
14.5702
14.5702
14.5753
14.5651
14.5702
14.5651
14.5702
14.5651
14.5651
14.56
14.5651
14.5651
14.56
14.5651
14.5549
14.56
14.5549
14.5651
14.5549
14.5651
14.5549
14.5651
14.56
14.5702
14.5651
14.5753
14.5651
14.5804
14.5702
14.5804
14.5753
14.5855
14.5753
14.6008
14.5855
14.6008
14.5957
14.611
14.611
14.6161
14.611
14.6314
14.6263
14.6467
14.6416
14.6467
14.6518
14.662
14.6722
14.6773
14.6773
14.6926
14.6926
14.6977
14.713
14.7079
14.7232
14.7232
14.7385
14.7436
14.7538
14.7589
14.7691
14.7691
14.7844
14.7844
14.7997
14.7946
14.815
14.815
14.8303
14.8252
14.8405
14.8405
14.866
14.8609
14.8813
14.8762
14.8915
14.8915
14.9119
14.9119
14.9323
14.9221
14.9425
14.9425
14.9578
14.9476
14.968
14.9731
14.9884
14.9884
14.9986
15.0037
15.0088
15.019
15.0241
15.0394
15.0394
15.0496
15.0547
15.07
15.0751
15.0802
15.0853
15.1057
15.1006
15.121
15.1159
15.1312
15.1312
15.1516
15.1414
15.1669
15.1516
15.1822
15.1771
15.1975
15.1975
15.2077
15.2077
15.223
15.2281
15.2485
15.2485
15.2638
15.2638
15.2842
15.2842
15.3046
15.3046
15.3199
15.325
15.3403
15.3505
15.3505
15.3658
15.3811
15.3862
15.3964
15.4117
15.4168
15.4372
15.4321
15.4525
15.4576
15.478
15.4831
15.4984
15.5035
15.5239
15.5188
15.5443
15.5443
15.5698
15.5698
15.5953
15.5902
15.6157
15.6157
15.6412
15.6463
15.6667
15.6769
15.6922
15.7024
15.733
15.7279
15.7534
15.7636
15.784
15.7993
15.8146
15.8248
15.8452
15.8554
15.8758
15.8962
15.9013
15.9268
15.937
15.9574
15.9727
15.988
16.0084
16.0237
16.039
16.0645
16.0747
16.1053
16.1053
16.1359
16.1461
16.1818
16.1869
16.2124
16.2175
16.2532
16.2634
16.2889
16.2991
16.3348
16.3348
16.3756
16.3756
16.3756
16.3756
16.3756
16.3756
16.3756
16.3756
16.3756
16.847
16.847
16.8833
16.8833
16.8833
16.9196
16.9559
16.9559
16.9922
16.9922
17.0285
17.0285
17.0285
17.1011
17.1011
17.1374
17.1374
17.1737
17.21
17.21
17.21
17.2463
17.2826
17.3189
17.3189
17.3552
17.3552
17.3915
17.4278
17.4278
17.4641
17.4641
17.5004
17.5367
17.573
17.573
17.6093
17.6456
17.6456
17.6819
17.7182
17.7182
17.7545
17.7545
17.7908
17.8271
17.8271
17.8634
17.8997
17.8997
17.936
17.9723
17.9723
18.0086
18.0449
18.0812
18.0812
18.0812
18.1175
18.1538
18.1901
18.2264
18.2264
18.2627
18.299
18.299
18.3353
18.3353
18.3716
18.4079
18.4442
18.4442
18.4805
18.4805
18.5168
18.5531
18.5531
18.6257
18.6257
18.662
18.662
18.6983
18.7346
18.7346
18.7709
18.8072
18.8435
18.8435
18.8798
18.8798
18.9161
18.9524
18.9524
18.9887
18.9887
19.025
19.0613
19.0613
19.0976
19.1339
19.1339
19.1702
19.2065
19.2065
19.2428
19.2428
19.2791
19.2791
19.3154
19.3517
19.3517
19.388
19.388
19.4243
19.4606
19.4606
19.4969
19.4969
19.4969
19.5332
19.5695
19.5695
19.6058
19.6058
19.6058
19.6421
19.6421
19.6784
19.7147
19.7147
19.7147
19.751
19.751
19.7873
19.7873
19.8236
19.8236
19.8236
19.8236
19.8599
19.8599
19.8962
19.8962
19.8962
19.9325
19.9325
19.9688
19.9688
19.9688
20.0051
20.0051
20.0414
20.0414
20.0414
20.0414
20.0777
20.0777
20.0777
20.0777
20.114
20.114
20.114
20.1503
20.1503
20.1503
20.1503
20.1503
20.1866
20.1866
20.2229
20.2229
20.2229
20.2229
20.2592
20.2592
20.2592
20.2592
20.2955
20.2955
20.2955
20.2955
20.3318
20.3318
20.3318
20.3318
20.3681
20.3681
20.3681
20.4044
20.4044
20.4044
20.4044
20.4407
20.4407
20.4407
20.477
20.477
20.477
20.5133
20.5133
20.5496
20.5859
20.5496
20.5859
20.5859
20.6222
20.6222
20.6222
20.6585
20.6585
20.6948
20.7311
20.7674
20.7674
20.7674
20.8037
20.84
20.84
20.84
20.8763
20.9126
20.9489
20.9489
20.9852
21.0215
21.0215
21.0578
21.0941
21.1304
21.1304
21.1667
21.1667
21.203
21.2393
21.2393
21.2756
21.3119
21.3845
21.3482
21.3845
21.4208
21.4571
21.4934
21.4934
21.5297
21.566
21.6023
21.6386
21.6386
21.6749
21.6749
21.7112
21.7475
21.7838
21.8201
21.8201
21.8564
21.8927
21.929
21.929
21.9653
22.0016
22.0016
22.0742
22.0742
22.1105
22.1468
22.1468
22.1831
22.2194
22.2557
22.2557
22.292
22.3283
22.3646
22.3646
22.4009
22.4372
22.4735
22.5098
22.5098
22.5098
22.5824
22.5824
22.6187
22.6187
22.655
22.6913
22.7276
22.7276
22.7639
22.7639
22.8002
22.8365
22.8365
22.8728
22.8728
22.9091
22.9454
22.9454
22.9817
23.018
23.018
23.018
23.0543
23.0906
23.0906
23.1269
23.1269
23.1632
23.1995
23.1995
23.2358
23.2358
23.2721
23.2721
23.3084
23.3084
23.3084
23.3447
23.381
23.381
23.4173
23.4173
23.4173
23.4536
23.4536
23.4899
23.5262
23.5262
23.5262
23.5625
23.5625
23.5988
23.5988
23.5988
23.6351
23.6351
23.6714
23.6714
23.6714
23.7077
23.7077
23.744
23.744
23.744
23.744
23.7803
23.7803
23.8166
23.8166
23.8166
23.8166
23.8529
23.8892
23.8529
23.8892
23.8892
23.8892
23.8892
23.9255
23.9255
23.9618
23.9255
23.9618
23.9618
23.9618
23.9981
23.9981
23.9981
23.9981
23.9981
24.0344
23.9981
24.0344
24.0344
24.0707
24.0344
24.0707
24.0707
24.0707
24.107
24.107
24.107
24.107
24.107
24.107
24.107
24.1433
24.1433
24.1433
24.1796
24.1796
24.1433
24.1796
24.1796
24.1796
24.2159
24.1796
24.1796
24.1796
24.2159
24.2159
24.2159
24.2159
24.2159
24.2159
24.2159
24.2522
24.2159
24.2159
24.2159
24.2522
24.2522
24.2159
24.2522
24.2522
24.2522
24.2159
24.2159
24.2522
24.2522
24.2522
24.2522
24.2522
24.2522
24.2522
24.2522
24.2522
24.2522
24.2522
24.2522
24.2159
24.2522
24.2522
24.2159
24.2159
24.2522
24.2159
24.2159
24.2159
24.2159
24.2159
24.2159
24.2159
24.2159
24.1796
24.1796
24.1796
24.1796
24.1796
24.1433
24.1433
24.1433
24.1433
24.1433
24.1433
24.107
24.107
24.0707
24.107
24.107
24.0707
24.0707
24.0707
24.0344
24.0707
24.0344
24.0344
23.9981
23.9981
23.9981
23.9618
23.9618
23.9618
23.9255
23.9255
23.9255
23.8892
23.8892
23.8892
23.8529
23.8892
23.8529
23.8166
23.8166
23.8166
23.8166
23.7803
23.744
23.744
23.744
23.7077
23.7077
23.6714
23.6714
23.6714
23.6351
23.6351
23.5988
23.5988
23.5988
23.5625
23.5625
23.5262
23.4899
23.4899
23.4899
23.4536
23.4536
23.4173
23.4173
23.4173
23.381
23.381
23.3084
23.3084
23.3084
23.3084
23.2721
23.2721
23.2358
23.2358
23.2358
23.1995
23.1632
23.1632
23.1269
23.1269
23.0906
23.0906
23.0543
23.0543
23.018
23.018
22.9817
22.9817
22.9454
22.9454
22.9091
22.9091
22.8728
22.8728
22.8365
22.8365
22.8365
22.8002
22.7639
22.7276
22.7639
22.7276
22.7276
22.6913
22.6913
22.655
22.6187
22.6187
22.6187
22.5824
22.5824
22.5461
22.5461
22.5461
22.5098
22.5098
22.4735
22.4735
22.4735
22.4372
22.4009
22.4009
22.4009
22.3646
22.3646
22.3283
22.3283
22.3283
22.292
22.292
22.292
22.2557
22.2194
22.2194
22.2194
22.1831
22.1831
22.1468
22.1468
22.1105
22.1105
22.1105
22.1105
22.0742
22.0742
22.0379
22.0379
22.0379
22.0016
22.0016
22.0016
22.0016
21.9653
21.9653
21.929
21.8927
21.929
21.8927
21.8927
21.8927
21.8564
21.8564
21.8201
21.8564
21.7838
21.7838
21.7838
21.7838
21.7838
21.7475
21.7475
21.7112
21.7112
21.7475
21.7112
21.6749
21.6749
21.6749
21.6386
21.6386
21.6386
21.6023
21.6023
21.6023
21.566
21.566
21.566
21.566
21.566
21.5297
21.5297
21.5297
21.5297
21.5297
21.4934
21.4571
21.4934
21.4571
21.4571
21.4571
21.4208
21.4208
21.4208
21.4208
21.4208
21.3845
21.3845
21.3845
21.3482
21.3845
21.3482
21.3482
21.3119
21.3119
21.3482
21.3119
21.3119
21.3119
21.2756
21.3119
21.2756
21.2393
21.2756
21.2393
21.2756
21.2393
21.2393
21.2393
21.203
21.203
21.203
21.203
21.1667
21.203
21.1667
21.1667
21.1667
21.1667
21.1667
21.1304
21.1304
21.1304
21.1304
21.0941
21.0941
21.0941
21.0941
21.0941
21.0941
21.0941
21.0941
21.0941
21.0578
21.0941
21.0578
21.0578
21.0215
21.0578
21.0215
21.0215
21.0215
21.0215
21.0215
21.0215
20.9852
20.9852
20.9852
20.9852
20.9852
20.9852
20.9852
20.9852
20.9852
20.9852
20.9852
20.9489
20.9489
20.9489
20.9489
20.9489
20.9489
20.9126
20.9489
20.9126
20.9489
20.9126
20.9126
20.9126
20.9126
20.9126
20.8763
20.8763
20.8763
20.8763
20.8763
20.8763
20.8763
20.8763
20.8763
20.8763
20.8763
20.8763
20.84
20.84
20.84
20.84
20.8763
20.84
20.84
20.84
20.84
20.84
20.84
20.8037
20.84
20.84
20.84
20.8037
20.8037
20.84
20.8037
20.8037
20.8037
20.8037
20.8037
20.8037
20.8037
20.7674
20.7674
20.7674
20.8037
20.7674
20.8037
20.7674
20.8037
20.7674
20.7674
20.7674
20.7674
20.7674
20.7311
20.7674
20.7674
20.7674
20.7311
20.7674
20.7674
20.7674
20.7674
20.7311
20.7674
20.7311
20.7674
20.7674
20.6948
20.7311
20.7674
20.7311
20.7311
20.7311
20.7311
20.7311
20.7311
20.7311
20.7311
20.7311
20.7311
20.7311
20.7311
20.6948
20.6948
20.7311
20.6948
20.6948
20.7311
20.7311
20.6948
20.6948
20.6948
20.6948
20.7311
20.6948
20.6948
20.6948
20.6948
20.6948
20.6948
20.6948
20.6948
20.6948
20.7311
20.6948
20.6948
20.6948
20.6948
20.6948
20.6948
20.6948
20.6948
20.6948
20.6948
20.6948
20.6948
20.6948
20.6948
20.6948
20.6948
20.6948
20.6585
20.6585
20.6948
20.6585
20.6948
20.6948
20.6585
20.6948
20.6585
20.6948
20.6585
20.6585
20.6585
20.6585
20.6948
20.6948
20.6585
20.6948
20.6585
20.6585
20.6585
20.6585
20.6585
20.6948
20.6585
20.6948
20.6585
20.6948
20.6585
20.6585
20.6948
20.6948
20.6585
20.6585
20.6585
20.6948
20.6948
20.6585
20.6585
20.6948
20.6948
20.6948
20.6948
20.6948
20.6948
20.6948
20.6948
20.6948
20.6948
20.6948
20.7311
20.7311
20.7311
20.7311
20.7311
20.7311
20.7311
20.7674
20.7674
20.7311
20.7674
20.7674
20.8037
20.8037
20.8037
20.8037
20.8037
20.84
20.84
20.84
20.84
20.8763
20.8763
20.8763
20.8763
20.9126
20.9126
20.9126
20.9489
20.9489
20.9489
20.9489
20.9489
20.9852
20.9852
21.0215
21.0215
21.0215
21.0215
21.0578
21.0215
21.0941
21.0941
21.1304
21.1304
21.1667
21.1667
21.1667
21.1667
21.203
21.203
21.2393
21.2393
21.2393
21.2756
21.2756
21.2756
21.3119
21.3119
21.3119
21.3119
21.3482
21.3845
21.3845
21.3845
21.3845
21.4208
21.4208
21.4208
21.4571
21.4571
21.4934
21.4571
21.4934
21.5297
21.5297
21.5297
21.5297
21.5297
21.566
21.566
21.566
21.6023
21.6023
21.6023
21.6386
21.6023
21.6386
21.6386
21.6749
21.6749
21.6749
21.6749
21.7112
21.7112
21.7112
21.7112
21.7112
21.7475
21.7475
21.7475
21.7475
21.7838
21.7838
21.7838
21.7838
21.7838
21.7838
21.8201
21.8201
21.8201
21.8201
21.8201
21.8201
21.8564
21.8564
21.8564
21.8564
21.8564
21.8564
21.8564
21.8564
21.8927
21.8927
21.8927
21.8927
21.8564
21.8927
21.8927
21.8927
21.8927
21.8927
21.929
21.8927
21.8927
21.929
21.8927
21.8927
21.929
21.929
21.929
21.929
21.929
21.929
21.929
21.929
21.929
21.929
21.929
21.929
21.929
21.929
21.8927
21.929
21.929
21.929
21.929
21.929
21.929
21.929
21.929
21.929
21.929
21.929
21.929
21.929
21.929
21.929
21.8927
21.929
21.929
21.929
21.929
21.929
21.8927
21.8927
21.8927
21.8927
21.929
21.8927
21.8927
21.8927
21.8927
21.8927
21.8927
21.8927
21.8927
21.8927
21.8927
21.8927
21.8564
21.8564
21.8927
21.8927
21.8564
21.8564
21.8564
21.8564
21.8564
21.8564
21.8564
21.8201
21.8564
21.8564
21.8201
21.8564
21.8201
21.8201
21.8201
21.8201
21.8201
21.7838
21.7838
21.8201
21.7838
21.7838
21.7838
21.7838
21.7838
21.7838
21.7838
21.7475
21.7475
21.7475
21.7475
21.7475
21.7475
21.7475
21.7112
21.7475
21.7112
21.7112
21.7112
21.7112
21.7112
21.7112
21.7112
21.7112
21.6749
21.6749
21.6749
21.6749
21.6749
21.6386
21.6386
21.6386
21.6386
21.6386
21.6023
21.6386
21.6023
21.6023
21.6023
21.6023
21.6023
21.6023
21.6023
21.566
21.566
21.566
21.566
21.566
21.566
21.566
21.5297
21.5297
21.5297
21.5297
21.5297
21.5297
21.4934
21.5297
21.4934
21.4934
21.4934
21.4571
21.4934
21.4934
21.4934
21.4571
21.4571
21.4571
21.4571
21.4571
21.4571
21.4571
21.4571
21.4208
21.4571
21.4208
21.4208
21.4208
21.4208
21.4208
21.4208
21.4208
21.3845
21.3845
21.3845
21.3845
21.3845
21.3845
21.3845
21.3845
21.3482
21.3482
21.3482
21.3482
21.3119
21.3482
21.3119
21.3482
21.3119
21.3119
21.3119
21.3119
21.3119
21.3119
21.3119
21.2756
21.3119
21.3119
21.2756
21.2756
21.2756
21.3119
21.2756
21.3119
21.2756
21.2756
21.2756
21.2756
21.2756
21.2756
21.2756
21.2393
21.2393
21.2393
21.2393
21.2393
21.2393
21.2393
21.2393
21.2393
21.2393
21.203
21.203
21.2393
21.2393
21.203
21.203
21.2393
21.203
21.203
21.203
21.1667
21.203
21.203
21.203
21.203
21.1667
21.203
21.203
21.203
21.203
21.203
21.1667
21.1667
21.1667
21.203
21.203
21.1667
21.1667
21.1667
21.1667
21.1667
21.1667
21.1667
21.1667
21.1667
21.1667
21.1667
21.1667
21.1667
21.1667
21.1667
21.1667
21.1667
21.1667
21.1667
21.1667
21.1667
21.1667
21.1667
21.1667
21.1667
21.1667
21.1667
21.1304
21.1667
21.1667
21.1667
21.1667
21.1304
21.1304
21.1667
21.1667
21.1667
21.1304
21.1667
21.1667
21.1667
21.1667
21.1667
21.1304
21.1667
21.1667
21.1667
21.1667
21.1667
21.1667
21.1667
21.1667
21.1667
21.1667
21.1304
21.1667
21.1667
21.1667
21.1667
21.1667
21.1667
21.1667
21.1667
21.1667
21.1304
21.1667
21.1667
21.1667
21.1667
21.1667
21.1304
21.1667
21.1304
21.1667
21.1667
21.1304
21.1304
21.1304
21.1667
21.1667
21.1304
21.1304
21.1667
21.1304
21.1304
21.1304
21.1304
21.1304
21.1304
21.1667
21.1304
21.1304
21.1304
21.1304
21.1304
21.1304
21.1304
21.1304
21.0941
21.1304
21.1667
21.1304
21.1304
21.1304
21.1304
21.1304
21.1304
21.1304
21.1304
21.1304
21.1304
21.1304
21.1304
21.1304
21.1304
21.0941
21.1304
21.1304
21.0941
21.0941
21.1304
21.0941
21.0941
21.0941
21.1304
21.0941
21.1304
21.0941
21.0941
21.0941
21.0941
21.0941
21.0941
21.0941
21.0941
21.0941
21.0941
21.0941
21.0941
21.0941
21.0941
21.0941
21.0941
21.0941
21.0941
21.1304
21.0941
21.0941
21.1304
21.0941
21.0941
21.0941
21.0941
21.0941
21.0941
21.0941
21.0941
21.0941
21.0941
21.0941
21.0578
21.0941
21.0941
21.0941
21.0941
21.0578
21.0941
21.0941
21.0941
21.0941
21.0941
21.0941
21.0941
21.0941
21.0941
21.0941
21.0941
21.0941
21.0941
21.0941
21.0941
21.0578
21.0941
21.0941
21.0941
21.0941
21.0941
21.0941
21.0941
21.0941
21.0941
21.0941
21.0941
21.0941
21.0941
21.0941
21.0941
21.0578
21.0941
21.0578
21.0578
21.0941
21.0941
21.0578
21.0578
21.0941
21.0578
21.0941
21.0578
21.0941
21.0578
21.0941
21.0941
21.0578
21.0578
21.0578
21.0941
21.0578
21.0578
21.0578
21.0941
21.0578
21.0578
21.0578
21.0578
21.0941
21.0578
21.0578
21.0578
21.0578
21.0578
21.0578
21.0578
21.0578
21.0578
21.0578
21.0578
21.0578
21.0578
21.0578
21.0215
21.0578
21.0578
21.0578
21.0215
21.0215
21.0215
21.0578
21.0215
21.0578
21.0215
21.0215
21.0215
21.0215
21.0215
21.0215
21.0215
21.0215
21.0215
21.0215
21.0215
21.0215
21.0215
21.0215
21.0215
21.0215
21.0215
21.0215
21.0215
21.0215
21.0215
21.0215
21.0215
20.9852
21.0215
21.0215
21.0215
21.0215
21.0215
21.0215
20.9852
21.0215
21.0215
20.9852
21.0215
20.9852
20.9852
20.9852
20.9852
20.9852
20.9852
20.9852
20.9852
20.9852
20.9852
20.9852
20.9852
20.9852
21.0215
21.0215
20.9852
20.9852
20.9852
20.9852
20.9852
20.9852
20.9852
20.9852
20.9852
20.9489
20.9852
20.9489
20.9852
20.9852
20.9852
20.9489
20.9489
20.9489
20.9852
20.9489
20.9489
20.9489
20.9489
20.9489
20.9489
20.9489
20.9489
20.9489
20.9489
20.9489
20.9489
20.9489
20.9489
20.9489
20.9489
20.9489
20.9489
20.9852
20.9489
20.9489
20.9489
20.9489
20.9489
20.9489
20.9489
20.9489
20.9489
20.9489
20.9489
20.9126
20.9126
20.9489
20.9126
20.9489
20.9126
20.9489
20.9126
20.9126
20.9126
20.9126
20.9126
20.9126
20.9489
20.9489
20.9126
20.9126
20.9489
20.9489
20.9126
20.9126
20.9126
20.9126
20.9126
20.9126
20.9126
20.9126
20.9126
20.9126
20.9126
20.8763
20.9126
20.9126
20.9126
20.9126
20.9126
20.8763
20.9126
20.9126
20.9126
20.8763
20.9126
20.9126
20.9126
20.9126
20.9126
20.8763
20.8763
20.9126
20.8763
20.9126
20.9126
20.8763
20.8763
20.8763
20.9126
20.8763
20.8763
20.8763
20.8763
20.9126
20.9126
20.8763
20.8763
20.8763
20.8763
20.8763
20.8763
20.8763
20.8763
20.8763
20.8763
20.84
20.8763
20.8763
20.8763
20.8763
20.8763
20.8763
20.9126
20.8763
20.8763
20.8763
20.8763
20.8763
20.8763
20.8763
20.8763
20.84
20.8763
20.84
20.84
20.8763
20.8763
20.8763
20.84
20.84
20.84
20.84
20.84
20.84
20.84
20.84
20.84
20.84
20.84
20.84
20.84
20.84
20.84
20.84
20.84
20.84
20.84
20.84
20.84
20.84
20.84
20.8037
20.84
20.84
20.84
20.8037
20.84
20.8037
20.84
20.8037
20.84
20.84
20.8037
20.84
20.8037
20.84
20.8037
20.8037
20.8037
20.8037
20.8037
20.8037
20.8037
20.8037
20.8037
20.8037
20.8037
20.8037
20.8037
20.84
20.8037
20.8037
20.8037
20.8037
20.8037
20.8037
20.8037
20.8037
20.8037
20.8037
20.84
20.8037
20.8037
20.8037
20.84
20.84
20.8037
20.84
20.84
20.84
20.84
20.8037
20.84
20.84
20.8763
20.8763
20.8763
20.8763
20.8763
20.8763
20.9126
20.9126
20.9126
20.9126
20.9489
20.9489
20.9852
20.9852
20.9852
21.0215
21.0215
21.0215
21.0578
21.0578
21.0578
21.0941
21.0941
21.1304
21.1304
21.1304
21.1667
21.203
21.203
21.203
21.2393
21.2756
21.2756
21.3119
21.3119
21.3482
21.3482
21.3845
21.4208
21.4208
21.4208
21.4571
21.4934
21.4934
21.5297
21.566
21.566
21.6023
21.6386
21.6386
21.6749
21.7112
21.7475
21.7475
21.7838
21.7838
21.8564
21.8564
21.8564
21.8927
21.929
21.929
21.9653
22.0016
22.0016
22.0379
22.0379
22.0742
22.0742
22.1105
22.1105
22.1831
22.2194
22.2194
22.2194
22.2194
22.2557
22.292
22.292
22.3283
22.3283
22.3646
22.4009
22.4009
22.4009
22.4372
22.4372
22.4735
22.4735
22.5098
22.5098
22.5098
22.5461
22.5461
22.5461
22.5461
22.5824
22.5824
22.6187
22.6187
22.6187
22.6187
22.6187
22.6187
22.655
22.655
22.655
22.655
22.655
22.655
22.655
22.655
22.655
22.6913
22.6913
22.655
22.6913
22.6913
22.6913
22.6913
22.655
22.655
22.6913
22.655
22.655
22.6913
22.655
22.655
22.655
22.655
22.655
22.6187
22.6187
22.6187
22.6187
22.6187
22.6187
22.5824
22.5824
22.5824
22.5824
22.5461
22.5461
22.5461
22.5461
22.5461
22.5461
22.5098
22.5098
22.4735
22.4735
22.4735
22.4735
22.4735
22.4372
22.4372
22.4372
22.4009
22.4009
22.4009
22.3646
22.3646
22.3646
22.3283
22.3283
22.292
22.292
22.292
22.292
22.2557
22.2557
22.2557
22.2557
22.2194
22.2194
22.1831
22.1831
22.1831
22.1831
22.1468
22.1468
22.1105
22.1105
22.1105
22.0742
22.0742
22.0379
22.0379
22.0379
22.0016
22.0016
22.0016
22.0016
21.9653
21.9653
21.929
21.929
21.8927
21.8927
21.8927
21.8564
21.8564
21.8564
21.8201
21.8564
21.7838
21.7838
21.7838
21.7838
21.7475
21.7475
21.7112
21.7112
21.6749
21.6749
21.6749
21.6749
21.6386
21.6386
21.6023
21.6023
21.566
21.566
21.566
21.566
21.5297
21.5297
21.4934
21.4934
21.4934
21.4571
21.4571
21.4208
21.4208
21.4208
21.3845
21.4208
21.3845
21.3482
21.3482
21.3482
21.3119
21.3119
21.3119
21.2756
21.2756
21.2393
21.2393
21.203
21.2393
21.203
21.203
21.1667
21.1667
21.1304
21.1304
21.1304
21.1304
21.1304
21.0941
21.0941
21.0941
21.0578
21.0578
21.0578
21.0215
21.0215
20.9852
20.9852
20.9852
20.9489
20.9852
20.9489
20.9489
20.9489
20.9126
20.9126
20.9126
20.9126
20.8763
20.8763
20.84
20.8763
20.84
20.84
20.8037
20.8037
20.8037
20.8037
20.8037
20.8037
20.7674
20.7674
20.7674
20.7311
20.7311
20.6948
20.6948
20.6948
20.6948
20.6948
20.6948
20.6585
20.6585
20.6585
20.6585
20.6585
20.6222
20.5859
20.5859
20.5859
20.5859
20.5859
20.5496
20.5496
20.5496
20.5496
20.5133
20.5133
20.5133
20.5133
20.5133
20.477
20.5133
20.4407
20.4407
20.4407
20.4407
20.4407
20.4044
20.4044
20.4044
20.4044
20.4044
20.3681
20.3681
20.3681
20.3681
20.3681
20.3318
20.3318
20.3318
20.2955
20.2955
20.2955
20.2955
20.2592
20.2592
20.2592
20.2592
20.2229
20.2229
20.2592
20.2229
20.2229
20.1866
20.1866
20.1866
20.1866
20.1866
20.1503
20.1503
20.1503
20.1503
20.114
20.114
20.114
20.114
20.0777
20.0777
20.114
20.0777
20.0777
20.0777
20.0414
20.0414
20.0414
20.0414
20.0414
20.0051
20.0051
20.0051
19.9688
19.9688
19.9688
19.9688
19.9688
19.9688
19.9688
19.9325
19.9325
19.9325
19.9325
19.9325
19.8962
19.8962
19.8962
19.8962
19.8599
19.8599
19.8599
19.8599
19.8599
19.8599
19.8236
19.8236
19.8236
19.8236
19.8236
19.8236
19.7873
19.7873
19.7873
19.7873
19.7873
19.751
19.751
19.7873
19.751
19.751
19.7147
19.751
19.7147
19.751
19.7147
19.7147
19.7147
19.7147
19.7147
19.7147
19.6784
19.7147
19.6784
19.6784
19.6784
19.6784
19.6784
19.6421
19.6421
19.6421
19.6421
19.6421
19.6421
19.6421
19.6058
19.6058
19.6058
19.6058
19.5695
19.6058
19.5695
19.5695
19.5695
19.5695
19.5695
19.5695
19.5332
19.5332
19.5695
19.5332
19.5332
19.5332
19.5332
19.5332
19.5332
19.4969
19.5332
19.4969
19.4969
19.4969
19.4969
19.4969
19.4969
19.4969
19.4606
19.4969
19.4606
19.4606
19.4606
19.4606
19.4606
19.4606
19.4606
19.4243
19.4606
19.4243
19.4243
19.4243
19.4243
19.4243
19.4243
19.4243
19.388
19.388
19.388
19.388
19.388
19.388
19.388
19.388
19.3517
19.3517
19.3517
19.388
19.388
19.3517
19.3517
19.3517
19.3517
19.3154
19.3154
19.3517
19.3154
19.3154
19.3154
19.3154
19.3154
19.3154
19.3154
19.3154
19.3154
19.2791
19.3154
19.3154
19.3154
19.2791
19.2791
19.2791
19.2791
19.2791
19.2791
19.2428
19.2428
19.2428
19.2428
19.2791
19.2428
19.2428
19.2428
19.2428
19.2428
19.2065
19.2428
19.2428
19.2428
19.2428
19.2428
19.2065
19.2428
19.2065
19.2065
19.2065
19.2065
19.2065
19.2065
19.2065
19.2065
19.2065
19.2065
19.2065
19.2065
19.2065
19.2065
19.1702
19.1702
19.1702
19.1702
19.1702
19.1339
19.1702
19.1702
19.1702
19.1702
19.1702
19.1702
19.1702
19.1702
19.1702
19.1702
19.1702
19.1339
19.1339
19.1339
19.1339
19.1702
19.1339
19.1339
19.1339
19.1339
19.1339
19.1339
19.1339
19.1339
19.1339
19.1339
19.0976
19.1339
19.1339
19.1339
19.1339
19.0976
19.0976
19.0976
19.1339
19.0976
19.0976
19.0976
19.0976
19.0976
19.0976
19.1339
19.0976
19.0976
19.0613
19.0613
19.0976
19.0613
19.0613
19.0613
19.0976
19.0976
19.0976
19.0613
19.0613
19.0976
19.0613
19.0976
19.0613
19.0613
19.0613
19.0613
19.0613
19.0613
19.0613
19.0613
19.025
19.0613
19.0613
19.0613
19.0613
19.0613
19.0613
19.0613
19.025
19.0613
19.0613
19.0613
19.025
19.025
19.025
19.025
19.025
19.0613
19.0613
19.025
19.025
19.025
19.025
19.025
19.025
19.025
19.025
18.9887
19.025
18.9887
19.025
19.025
19.025
19.025
18.9887
18.9887
18.9887
19.025
19.025
18.9887
18.9887
18.9887
18.9887
18.9887
19.025
18.9887
18.9887
18.9887
19.025
18.9887
18.9524
18.9887
18.9887
18.9887
18.9887
18.9887
18.9887
18.9887
18.9887
18.9887
18.9887
18.9887
18.9887
18.9887
18.9887
18.9887
18.9887
18.9887
18.9887
18.9887
18.9887
18.9887
18.9524
18.9887
18.9524
18.9524
18.9524
18.9524
18.9524
18.9524
18.9524
18.9524
18.9524
18.9524
18.9524
18.9524
18.9524
18.9524
18.9524
18.9524
18.9524
18.9524
18.9524
18.9524
18.9524
18.9524
18.9524
18.9524
18.9161
18.9524
18.9161
18.9524
18.9524
18.9161
18.9161
18.9161
18.9161
18.9161
18.9524
18.9161
18.9161
18.9161
18.9161
18.9161
18.9161
18.9161
18.9161
18.9161
18.9161
18.9161
18.9161
18.9161
18.9161
18.9161
18.9161
18.9161
18.8798
18.8798
18.8798
18.9161
18.9161
18.8798
18.9161
18.9161
18.9161
18.9161
18.9161
18.8798
18.8798
18.8798
18.8798
18.8798
18.8798
18.8798
18.8798
18.8798
18.8798
18.8798
18.8798
18.8798
18.8798
18.8798
18.8798
18.8798
18.8798
18.8798
18.8435
18.8798
18.8798
18.8798
18.8435
18.8798
18.8435
18.8435
18.8798
18.8435
18.8798
18.8435
18.8435
18.8435
18.8435
18.8798
18.8798
18.8435
18.8798
18.8435
18.8435
18.8798
18.8435
18.8435
18.8435
18.8798
18.8798
18.8798
18.8798
18.8798
18.8435
18.8798
18.8798
18.8798
18.8798
18.8798
18.8798
18.8798
18.8798
18.8798
18.8798
18.8798
18.8798
18.9161
18.8798
18.9161
18.9161
18.9161
18.9161
18.9161
18.9161
18.9524
18.9161
18.9524
18.9161
18.9524
18.9524
18.9524
18.9524
18.9887
18.9887
18.9887
18.9887
18.9887
18.9887
19.025
18.9887
18.9887
19.025
19.025
19.025
19.025
19.025
19.0613
19.0613
19.0613
19.0613
19.0613
19.0613
19.0613
19.0976
19.0976
19.0976
19.0976
19.0976
19.0976
19.0976
19.1339
19.1339
19.1339
19.1339
19.1339
19.1339
19.1339
19.1339
19.1702
19.1702
19.1702
19.1702
19.2065
19.1702
19.1702
19.2065
19.1702
19.2065
19.2065
19.2065
19.2065
19.2065
19.2065
19.2065
19.2065
19.2428
19.2065
19.2065
19.2428
19.2428
19.2428
19.2065
19.2428
19.2428
19.2065
19.2428
19.2428
19.2428
19.2428
19.2428
19.2428
19.2428
19.2428
19.2428
19.2428
19.2428
19.2428
19.2428
19.2428
19.2428
19.2428
19.2428
19.2428
19.2428
19.2428
19.2428
19.2428
19.2428
19.2428
19.2791
19.2428
19.2428
19.2428
19.2428
19.2428
19.2428
19.2428
19.2428
19.2428
19.2428
19.2428
19.2065
19.2065
19.2065
19.2428
19.2065
19.2065
19.2065
19.2065
19.2065
19.2428
19.2065
19.2065
19.2065
19.2065
19.2065
19.2065
19.1702
19.2065
19.2065
19.1702
19.1702
19.2065
19.1702
19.1702
19.1702
19.1702
19.1702
19.1702
19.1702
19.1702
19.1339
19.1339
19.1339
19.1702
19.1339
19.1339
19.1339
19.1339
19.1339
19.1339
19.1339
19.1339
19.0976
19.1339
19.0976
19.1339
19.1339
19.0976
19.0976
19.0976
19.0976
19.0613
19.0976
19.0976
19.0613
19.0976
19.0613
19.0613
19.0613
19.0613
19.0613
19.0613
19.0613
19.0613
19.025
19.0613
19.0613
19.0613
19.025
19.025
18.9887
19.025
18.9887
18.9887
18.9887
18.9887
19.025
18.9887
18.9887
18.9887
18.9887
18.9887
18.9887
18.9524
18.9524
18.9524
18.9524
18.9524
18.9524
18.9524
18.9524
18.9524
18.9524
18.9524
18.9524
18.9161
18.9161
18.9161
18.9161
18.8798
18.9161
18.9161
18.9161
18.8798
18.8798
18.8798
18.8798
18.8798
18.8798
18.8798
18.8798
18.8435
18.8435
18.8435
18.8798
18.8435
18.8435
18.8435
18.8435
18.8435
18.8435
18.8072
18.8072
18.8072
18.8435
18.8072
18.8072
18.8072
18.8072
18.8072
18.8072
18.7709
18.7709
18.7709
18.7709
18.7709
18.7709
18.7709
18.7709
18.7346
18.7346
18.7346
18.7346
18.7346
18.6983
18.7346
18.7346
18.7346
18.6983
18.7346
18.7346
18.6983
18.6983
18.6983
18.6983
18.6983
18.6983
18.6983
18.6983
18.6983
18.6983
18.6983
18.6983
18.662
18.662
18.662
18.662
18.662
18.662
18.6257
18.662
18.6257
18.662
18.662
18.6257
18.6257
18.6257
18.6257
18.6257
18.6257
18.5894
18.6257
18.6257
18.6257
18.5894
18.5894
18.5894
18.6257
18.5894
18.5894
18.5894
18.5894
18.5894
18.5531
18.5894
18.5894
18.5531
18.5531
18.5531
18.5894
18.5531
18.5531
18.5531
18.5531
18.5531
18.5531
18.5168
18.5531
18.5531
18.5168
18.5531
18.5531
18.5531
18.5168
18.5168
18.5531
18.5531
18.5168
18.5168
18.5168
18.5168
18.5168
18.5168
18.4805
18.5168
18.4805
18.5168
18.4805
18.5168
18.4805
18.5168
18.4805
18.4805
18.4805
18.4805
18.4805
18.4805
18.4805
18.4805
18.4805
18.4442
18.4805
18.4805
18.4805
18.4805
18.4442
18.4805
18.4805
18.4442
18.4805
18.4805
18.4442
18.4805
18.4805
18.4442
18.4442
18.4079
18.4442
18.4442
18.4442
18.4079
18.4442
18.4442
18.4442
18.4442
18.4442
18.4079
18.4442
18.4442
18.4442
18.4079
18.4079
18.4079
18.4079
18.4442
18.4079
18.4079
18.4079
18.4079
18.4079
18.4079
18.4442
18.4079
18.4079
18.4079
18.4079
18.4079
18.4079
18.3716
18.3716
18.4079
18.4079
18.4079
18.4079
18.4079
18.4079
18.3716
18.3716
18.3716
18.3716
18.3716
18.3716
18.3716
18.4079
18.3716
18.3716
18.3716
18.3716
18.3716
18.3716
18.3716
18.3716
18.3716
18.3716
18.3716
18.3716
18.3353
18.3716
18.3353
18.3716
18.3353
18.3353
18.3353
18.3353
18.3353
18.3353
18.3716
18.3353
18.3353
18.3353
18.3353
18.3353
18.3353
18.3353
18.3353
18.3353
18.3353
18.3353
18.3353
18.299
18.3353
18.299
18.3353
18.3353
18.299
18.299
18.299
18.299
18.299
18.299
18.2627
18.299
18.299
18.3353
18.3353
18.299
18.299
18.299
18.299
18.299
18.299
18.299
18.2627
18.299
18.299
18.299
18.2627
18.299
18.299
18.299
18.2627
18.2627
18.299
18.299
18.2627
18.2627
18.2627
18.299
18.2627
18.2627
18.2627
18.2627
18.2627
18.2627
18.2627
18.2627
18.299
18.2627
18.2627
18.2627
18.2627
18.2627
18.2627
18.2627
18.2627
18.2627
18.2627
18.2627
18.2627
18.2627
18.2264
18.2627
18.2627
18.2264
18.2264
18.2264
18.2627
18.2627
18.2264
18.2264
18.2264
18.2627
18.2264
18.2264
18.2264
18.2264
18.2264
18.2264
18.2264
18.2264
18.2264
18.2264
18.2264
18.2264
18.1901
18.2264
18.2264
18.2264
18.2264
18.2264
18.2264
18.1901
18.1901
18.2264
18.2264
18.1901
18.1901
18.2264
18.2264
18.2264
18.1901
18.1901
18.1901
18.1901
18.1901
18.1901
18.1901
18.1901
18.1901
18.1901
18.1901
18.1901
18.1901
18.1901
18.1901
18.1901
18.1901
18.1901
18.1901
18.1901
18.1901
18.1901
18.1901
18.1901
18.1538
18.1901
18.1901
18.1901
18.1901
18.1538
18.1538
18.1901
18.1538
18.1538
18.1538
18.1538
18.1901
18.1538
18.1538
18.1538
18.1538
18.1538
18.1538
18.1538
18.1538
18.1538
18.1538
18.1538
18.1175
18.1175
18.1538
18.1538
18.1538
18.1538
18.1175
18.1538
18.1175
18.1175
18.1538
18.1538
18.1538
18.1175
18.1538
18.1538
18.1175
18.1175
18.1175
18.1175
18.1538
18.1175
18.1175
18.1175
18.1175
18.1175
18.1538
18.1175
18.1175
18.1175
18.1175
18.1175
18.0812
18.1175
18.1175
18.1175
18.1175
18.1175
18.1175
18.1175
18.1175
18.1175
18.1175
18.1175
18.1175
18.1175
18.1175
18.1175
18.1175
18.1175
18.1175
18.1175
18.1175
18.1175
18.1175
18.1175
18.1175
18.1175
18.1175
18.1175
18.1175
18.1175
18.1175
18.1175
18.1175
18.0812
18.1175
18.1175
18.1175
18.1175
18.1175
18.1175
18.1175
18.1175
18.1538
18.1175
18.1175
18.1175
18.1175
18.1538
18.1175
18.1538
18.1175
18.1175
18.1538
18.1538
18.1538
18.1175
18.1538
18.1538
18.1538
18.1538
18.1538
18.1538
18.1538
18.1538
18.1538
18.1538
18.1538
18.1538
18.1538
18.1538
18.1901
18.1538
18.1538
18.1538
18.1901
18.1538
18.1538
18.1538
18.1901
18.1901
18.1538
18.1538
18.1538
18.1901
18.1901
18.1901
18.1901
18.1901
18.1901
18.1901
18.1901
18.2264
18.2264
18.1901
18.1901
18.2264
18.1901
18.1901
18.2264
18.2264
18.2264
18.2264
18.2264
18.2264
18.2264
18.2264
18.2627
18.2264
18.2627
18.2627
18.2627
18.2627
18.2627
18.2627
18.299
18.299
18.299
18.299
18.299
18.299
18.299
18.3353
18.3353
18.3353
18.3353
18.3353
18.3353
18.3353
18.3353
18.3353
18.3716
18.3353
18.3716
18.3716
18.3716
18.3716
18.3716
18.3716
18.4079
18.4079
18.3716
18.4079
18.4079
18.4079
18.4079
18.4079
18.4442
18.4442
18.4442
18.4442
18.4442
18.4442
18.4442
18.4805
18.4805
18.4805
18.4805
18.4805
18.4805
18.4805
18.4805
18.4805
18.4805
18.5168
18.5168
18.5168
18.4805
18.4805
18.5168
18.5168
18.5168
18.5168
18.5168
18.5168
18.5168
18.5168
18.5168
18.5168
18.5168
18.5531
18.5531
18.5531
18.5531
18.5531
18.5168
18.5531
18.5531
18.5168
18.5168
18.5168
18.5531
18.5531
18.5168
18.5168
18.5168
18.5168
18.5531
18.5168
18.5168
18.5168
18.5168
18.5168
18.5168
18.5168
18.5168
18.5531
18.5168
18.5168
18.5168
18.5168
18.5168
18.5168
18.5168
18.5168
18.4805
18.5168
18.4805
18.5168
18.5168
18.4805
18.4805
18.4805
18.4805
18.4805
18.4805
18.4805
18.4805
18.4805
18.4805
18.4805
18.4805
18.4442
18.4805
18.4805
18.4442
18.4442
18.4442
18.4442
18.4442
18.4442
18.4079
18.4442
18.4079
18.4442
18.4079
18.4079
18.4079
18.4079
18.4079
18.4079
18.4079
18.4079
18.3716
18.4079
18.3716
18.3716
18.3716
18.3716
18.3716
18.3716
18.3716
18.3716
18.3716
18.3716
18.3353
18.3353
18.3353
18.3353
18.3353
18.3353
18.3353
18.3353
18.299
18.299
18.299
18.299
18.299
18.299
18.2627
18.299
18.2627
18.2627
18.299
18.2627
18.299
18.2627
18.2627
18.2627
18.2627
18.2264
18.2627
18.2264
18.2627
18.2627
18.2264
18.2264
18.2264
18.1901
18.2264
18.2264
18.1901
18.1901
18.1901
18.1901
18.1901
18.1538
18.1901
18.1901
18.1901
18.1901
18.1538
18.1538
18.1538
18.1538
18.1538
18.1538
18.1538
18.1175
18.1538
18.1538
18.1175
18.1175
18.1175
18.1175
18.1175
18.1175
18.1175
18.0812
18.0812
18.0812
18.0812
18.0449
18.0812
18.0812
18.0449
18.0812
18.0812
18.0449
18.0449
18.0449
18.0449
18.0449
18.0449
18.0449
18.0449
18.0086
18.0449
18.0449
18.0086
18.0086
18.0086
18.0086
18.0086
17.9723
17.9723
18.0086
18.0086
17.9723
17.9723
17.9723
17.9723
17.9723
17.9723
17.936
17.9723
17.936
17.936
17.936
17.936
17.936
17.936
17.8997
17.936
17.8997
17.8997
17.8997
17.8997
17.8997
17.8997
17.8997
17.8997
17.8997
17.8997
17.8997
17.8634
17.8634
17.8634
17.8634
17.8634
17.8634
17.8997
17.8634
17.8634
17.8271
17.8634
17.8271
17.8634
17.8634
17.8271
17.8271
17.8271
17.8271
17.8271
17.8271
17.7908
17.8271
17.7908
17.8271
17.7908
17.7908
17.7908
17.7908
17.7908
17.7908
17.7908
17.7908
17.7908
17.7908
17.7908
17.7908
17.7908
17.7545
17.7545
17.7545
17.7545
17.7545
17.7545
17.7545
17.7545
17.7545
17.7545
17.7545
17.7182
17.7182
17.7545
17.7545
17.7545
17.7545
17.7182
17.7545
17.7182
17.7182
17.7182
17.7182
17.7182
17.7182
17.7182
17.7182
17.7182
17.7182
17.6819
17.6819
17.7182
17.7182
17.6819
17.6819
17.6819
17.7182
17.7182
17.6819
17.6819
17.6819
17.6819
17.6819
17.6819
17.6819
17.6819
17.6819
17.6819
17.6819
17.6456
17.6819
17.6819
17.6456
17.6819
17.6456
17.6819
17.6456
17.6819
17.6456
17.6456
17.6456
17.6456
17.6456
17.6456
17.6456
17.6456
17.6456
17.6456
17.6456
17.6456
17.6456
17.6456
17.6456
17.6456
17.6093
17.6093
17.6456
17.6456
17.6456
17.6093
17.6093
17.6093
17.6093
17.6093
17.6093
17.6093
17.6093
17.6093
17.6093
17.6093
17.6093
17.6093
17.6093
17.6093
17.573
17.6093
17.6093
17.6093
17.573
17.573
17.573
17.6093
17.573
17.573
17.6093
17.573
17.573
17.573
17.573
17.573
17.573
17.573
17.573
17.573
17.573
17.573
17.5367
17.5367
17.573
17.573
17.5367
17.5367
17.5367
17.5367
17.5367
17.5367
17.5367
17.573
17.5367
17.5367
17.5367
17.5367
17.5367
17.5367
17.5367
17.5367
17.5367
17.5367
17.5367
17.5004
17.5367
17.5367
17.5367
17.5367
17.5004
17.5367
17.5367
17.5004
17.5004
17.5004
17.5367
17.5367
17.5004
17.5004
17.5004
17.5004
17.5004
17.5004
17.5004
17.5004
17.5004
17.5004
17.5004
17.5004
17.5004
17.5004
17.5004
17.5004
17.5004
17.5004
17.5004
17.4641
17.4641
17.4641
17.5004
17.5004
17.5004
17.4641
17.5004
17.4641
17.4641
17.5004
17.4641
17.4641
17.4641
17.5004
17.4641
17.4641
17.4641
17.4641
17.5004
17.4641
17.4641
17.4641
17.4641
17.4641
17.4641
17.4641
17.4641
17.4641
17.4641
17.4641
17.4641
17.4278
17.4278
17.4278
17.4278
17.4641
17.4641
17.4641
17.4278
17.4278
17.4278
17.4641
17.4278
17.4278
17.4278
17.4278
17.4278
17.4278
17.4278
17.4278
17.4278
17.4278
17.4278
17.4278
17.4278
17.4278
17.4278
17.4278
17.4278
17.4278
17.4278
17.4278
17.4278
17.4278
17.4278
17.3915
17.4278
17.4278
17.4278
17.3915
17.3915
17.4278
17.4278
17.4278
17.3915
17.4278
17.3915
17.3915
17.4278
17.3915
17.3915
17.3915
17.3915
17.3915
17.3915
17.3915
17.3915
17.3915
17.3915
17.3915
17.3915
17.3915
17.3915
17.3915
17.3915
17.3915
17.3915
17.3552
17.3915
17.3915
17.3915
17.3552
17.3915
17.3915
17.3915
17.3915
17.3552
17.3915
17.3552
17.3552
17.3915
17.3552
17.3552
17.3552
17.3552
17.3552
17.3915
17.3552
17.3915
17.3552
17.3552
17.3552
17.3552
17.3552
17.3552
17.3552
17.3552
17.3552
17.3552
17.3552
17.3552
17.3552
17.3552
17.3552
17.3552
17.3552
17.3552
17.3552
17.3189
17.3189
17.3552
17.3189
17.3552
17.3552
17.3189
17.3189
17.3189
17.3552
17.3189
17.3189
17.3189
17.3189
17.3189
17.3552
17.3189
17.3189
17.3552
17.3189
17.3189
17.3189
17.3189
17.3552
17.3189
17.3189
17.3189
17.3189
17.3189
17.3189
17.3189
17.3189
17.3552
17.3189
17.3189
17.3189
17.3189
17.3189
17.3189
17.3189
17.3189
17.3189
17.3189
17.3189
17.3189
17.3189
17.3189
17.3189
17.3189
17.2826
17.2826
17.3189
17.3189
17.2826
17.3189
17.2826
17.3189
17.3189
17.2826
17.3189
17.2826
17.2826
17.2826
17.2826
17.2826
17.2826
17.2826
17.2826
17.2826
17.2826
17.2826
17.2826
17.2826
17.3189
17.2826
17.2826
17.3189
17.2826
17.2826
17.2826
17.2826
17.2826
17.2826
17.2826
17.2826
17.2826
17.2826
17.2826
17.2826
17.2826
17.2826
17.2826
17.2463
17.2826
17.2826
17.2826
17.2463
17.2826
17.2826
17.2826
17.2826
17.2463
17.2463
17.2463
17.2826
17.2463
17.2826
17.2463
17.2826
17.2463
17.2826
17.2826
17.2463
17.2826
17.2463
17.2463
17.2463
17.2463
17.2463
17.2463
17.2463
17.2463
17.2463
17.2463
17.2463
17.2463
17.2463
17.2463
17.2463
17.2463
17.2463
17.2463
17.2463
17.21
17.21
17.2463
17.2463
17.2463
17.2463
17.2463
17.2463
17.2463
17.2463
17.2463
17.2463
17.2463
17.2463
17.2463
17.21
17.21
17.21
17.21
17.21
17.2463
17.21
17.21
17.2463
17.21
17.21
17.2463
17.21
17.21
17.21
17.21
17.2463
17.21
17.21
17.21
17.21
17.21
17.21
17.21
17.21
17.21
17.21
17.21
17.21
17.21
17.21
17.21
17.21
17.21
17.21
17.21
17.21
17.21
17.21
17.1737
17.1737
17.1737
17.21
17.1737
17.1737
17.21
17.1737
17.1737
17.21
17.21
17.1737
17.1737
17.21
17.21
17.1737
17.1737
17.1737
17.1737
17.1737
17.1737
17.1737
17.1737
17.1737
17.1737
17.1737
17.1737
17.1737
17.1737
17.1737
17.1737
17.1737
17.1737
17.1737
17.1374
17.1737
17.1737
17.1737
17.1737
17.1737
17.1737
17.1737
17.1374
17.1374
17.1737
17.1737
17.1737
17.1737
17.1374
17.1737
17.1737
17.1737
17.1737
17.1737
17.1737
17.1737
17.1737
17.1737
17.1737
17.1374
17.1737
17.1374
17.1737
17.1737
17.1374
17.1374
17.1737
17.1374
17.1374
17.1374
17.1374
17.1374
17.1374
17.1374
17.1374
17.1737
17.1374
17.1374
17.1374
17.1737
17.1737
17.1374
17.1374
17.1374
17.1737
17.1374
17.1374
17.1374
17.1374
17.1737
17.1374
17.1374
17.1374
17.1737
17.1374
17.1374
17.1374
17.1374
17.1374
17.1011
17.1374
17.1011
17.1374
17.1374
17.1011
17.1374
17.1374
17.1374
17.1374
17.1374
17.1374
17.1374
17.1011
17.1374
17.1011
17.1374
17.1374
17.1011
17.1011
17.1011
17.1011
17.1011
17.1374
17.1011
17.1011
17.1011
17.1374
17.1011
17.1011
17.1011
17.1011
17.1011
17.1011
17.1011
17.1011
17.1011
17.1011
17.1011
17.1011
17.1011
17.1011
17.1011
17.1011
17.1011
17.1011
17.1011
17.0648
17.1011
17.1011
17.1011
17.1011
17.1011
17.1011
17.1011
17.0648
17.1011
17.1011
17.1011
17.1011
17.1011
17.1011
17.0648
17.1011
17.1011
17.1011
17.0648
17.1011
17.1011
17.1011
17.1011
17.0648
17.0648
17.1011
17.1011
17.1011
17.1011
17.0648
17.0648
17.0648
17.0648
17.1011
17.0648
17.1011
17.1011
17.1011
17.1011
17.0648
17.0648
17.0648
17.0648
17.0648
17.1011
17.0648
17.0648
17.0648
17.0648
17.0648
17.0648
17.1011
17.0648
17.0648
17.0648
17.0648
17.0648
17.0648
17.0648
17.0648
17.0648
17.0648
17.0648
17.0648
17.0648
17.0648
17.0648
17.0648
17.0648
17.1011
17.1011
17.0648
17.0648
17.1011
17.1011
17.0648
17.1011
17.1011
17.0648
17.1011
17.1011
17.1011
17.1011
17.1011
17.1011
17.1374
17.1374
17.1011
17.1374
17.1374
17.1374
17.1374
17.1374
17.1374
17.1374
17.1737
17.1737
17.1737
17.1374
17.1737
17.1737
17.1737
17.21
17.1737
17.21
17.21
17.21
17.21
17.2463
17.2463
17.2463
17.2463
17.2463
17.2463
17.2463
17.2826
17.2826
17.2826
17.2826
17.3189
17.3189
17.3189
17.3552
17.3552
17.3552
17.3552
17.3552
17.3915
17.3915
17.3915
17.4278
17.3915
17.4278
17.4278
17.4278
17.4278
17.4641
17.4641
17.4641
17.5004
17.5004
17.5004
17.5004
17.5004
17.5367
17.5367
17.5004
17.5367
17.573
17.5367
17.573
17.573
17.573
17.6093
17.6093
17.6093
17.6093
17.6093
17.6456
17.6456
17.6456
17.6456
17.6456
17.6819
17.6456
17.6819
17.6819
17.6819
17.7182
17.7182
17.7182
17.7182
17.7182
17.7182
17.7545
17.7182
17.7545
17.7545
17.7182
17.7545
17.7545
17.7545
17.7908
17.7545
17.7908
17.7908
17.7908
17.7908
17.7908
17.7908
17.7908
17.7908
17.7908
17.7908
17.7908
17.7908
17.7908
17.8271
17.8271
17.8271
17.7908
17.7908
17.7908
17.7908
17.8271
17.7908
17.8271
17.8271
17.8271
17.8271
17.8271
17.8271
17.8271
17.8271
17.8271
17.7908
17.7908
17.8271
17.7908
17.8271
17.8271
17.8271
17.7908
17.7908
17.7908
17.8271
17.7908
17.7908
17.7908
17.7908
17.7908
17.7908
17.7908
17.7908
17.7545
17.7908
17.7908
17.7545
17.7545
17.7545
17.7545
17.7908
17.7545
17.7908
17.7545
17.7545
17.7545
17.7545
17.7545
17.7182
17.7182
17.7545
17.7545
17.7545
17.7545
17.7545
17.7182
17.7545
17.7182
17.7182
17.7182
17.7182
17.7182
17.6819
17.6819
17.6819
17.6819
17.7182
17.6819
17.6819
17.6819
17.6819
17.6819
17.6819
17.6819
17.6456
17.6456
17.6456
17.6456
17.6456
17.6456
17.6456
17.6456
17.6093
17.6093
17.6456
17.6093
17.6093
17.6093
17.6093
17.573
17.6093
17.6093
17.573
17.6093
17.573
17.6093
17.573
17.573
17.5367
17.573
17.573
17.5367
17.5367
17.5367
17.5367
17.5367
17.5367
17.5367
17.5367
17.5367
17.5367
17.5367
17.5367
17.5367
17.5367
17.5367
17.5367
17.5004
17.5367
17.5004
17.5367
17.5004
17.5367
17.5004
17.5004
17.5004
17.5004
17.5004
17.5004
17.5367
17.5004
17.5367
17.5367
17.5004
17.5004
17.5004
17.5367
17.5004
17.5004
17.5004
17.5004
17.5004
17.4641
17.5004
17.5004
17.5004
17.5004
17.5004
17.5367
17.5004
17.5004
17.5004
17.5004
17.5004
17.5004
17.5004
17.5004
17.5004
17.5004
17.5004
17.5004
17.5004
17.5004
17.5004
17.4641
17.5004
17.5004
17.4641
17.5004
17.5004
17.5004
17.4641
17.5004
17.5004
17.4641
17.4641
17.4641
17.4641
17.4641
17.5004
17.4641
17.4641
17.4641
17.4641
17.4641
17.4641
